1	1	1	18
2	1	1	20
3	1	1	15
4	1	1	14
5	1	1	13
6	1	1	-15
7	1	1	25
8	1	1	24
9	1	1	19
10	1	1	9
11	1	1	4
12	1	1	5
13	1	1	3
14	1	1	8
15	1	1	7
16	1	1	2
17	1	1	1
18	1	1	99
19	1	1	16
20	1	1	1100
21	1	1	12
22	1	1	23
23	1	1	17
24	1	1	6
25	1	1	-17
26	1	1	11
27	1	1	22
28	1	1	0
29	1	1	0
30	1	1	0
31	1	1	0
32	1	1	0
33	1	1	0
34	1	1	0
35	1	1	0
36	1	1	0
37	1	1	0
38	1	1	0
39	1	1	0
40	1	1	0
41	1	1	0
42	1	1	0
43	1	1	0
44	1	1	0
45	1	1	0
46	1	1	0
47	1	1	0
48	1	1	0
49	1	1	0
50	1	1	0
51	1	1	0
52	1	1	0
53	1	1	0
54	1	1	0
55	1	1	0
56	1	1	0
57	1	1	0
58	1	1	0
59	1	1	0
60	1	1	0
61	1	1	0
62	1	1	0
63	1	1	0
64	1	1	0
65	1	1	0
66	1	1	0
67	1	1	0
68	1	1	0
69	1	1	0
70	1	1	0
71	1	1	0
72	1	1	0
73	1	1	0
74	1	1	0
75	1	1	0
76	1	1	0
77	1	1	0
78	1	1	0
79	1	1	0
80	1	1	0
81	1	1	0
82	1	1	0
83	1	1	0
84	1	1	0
85	1	1	0
86	1	1	0
87	1	1	0
88	1	1	0
89	1	1	0
90	1	1	0
91	1	1	0
92	1	1	0
93	1	1	0
94	1	1	0
95	1	1	0
96	1	1	0
97	1	1	0
98	1	1	0
99	1	1	0
100	1	1	0
1	1	2	18
2	1	2	19
3	1	2	20
4	1	2	15
5	1	2	9
6	1	2	7
7	1	2	2
8	1	2	4
9	1	2	5
10	1	2	-15
11	1	2	10
12	1	2	-9
13	1	2	8
14	1	2	3
15	1	2	-2
16	1	2	1
17	1	2	16
18	1	2	21
19	1	2	25
20	1	2	-18
21	1	2	13
22	1	2	14
23	1	2	-15
24	1	2	-13
25	1	2	-7
26	1	2	6
27	1	2	22
28	1	2	17
29	1	2	23
30	1	2	24
31	1	2	-25
32	1	2	-19
33	1	2	-13
34	1	2	1200
35	1	2	-1
36	1	2	12
37	1	2	-11
38	1	2	-21
39	1	2	-16
40	1	2	-17
41	1	2	-23
42	1	2	-24
43	1	2	-14
44	1	2	-2
45	1	2	-1
46	1	2	-6
47	1	2	-11
48	1	2	-16
49	1	2	-22
50	1	2	-23
51	1	2	-24
52	1	2	-25
53	1	2	0
54	1	2	0
55	1	2	0
56	1	2	0
57	1	2	0
58	1	2	0
59	1	2	0
60	1	2	0
61	1	2	0
62	1	2	0
63	1	2	0
64	1	2	0
65	1	2	0
66	1	2	0
67	1	2	0
68	1	2	0
69	1	2	0
70	1	2	0
71	1	2	0
72	1	2	0
73	1	2	0
74	1	2	0
75	1	2	0
76	1	2	0
77	1	2	0
78	1	2	0
79	1	2	0
80	1	2	0
81	1	2	0
82	1	2	0
83	1	2	0
84	1	2	0
85	1	2	0
86	1	2	0
87	1	2	0
88	1	2	0
89	1	2	0
90	1	2	0
91	1	2	0
92	1	2	0
93	1	2	0
94	1	2	0
95	1	2	0
96	1	2	0
97	1	2	0
98	1	2	0
99	1	2	0
100	1	2	0
1	1	3	2400
2	1	3	2500
3	1	3	20
4	1	3	14
5	1	3	15
6	1	3	-20
7	1	3	5
8	1	3	400
9	1	3	3
10	1	3	2
11	1	3	100
12	1	3	1100
13	1	3	12
14	1	3	2100
15	1	3	1600
16	1	3	17
17	1	3	2400
18	1	3	22
19	1	3	18
20	1	3	2100
21	1	3	1600
22	1	3	-17
23	1	3	1600
24	1	3	1100
25	1	3	-12
26	1	3	7
27	1	3	999
28	1	3	2300
29	1	3	-22
30	1	3	-17
31	1	3	1600
32	1	3	2100
33	1	3	6
34	1	3	-17
35	1	3	11
36	1	3	-12
37	1	3	-7
38	1	3	8
39	1	3	-14
40	1	3	13
41	1	3	-13
42	1	3	-12
43	1	3	-6
44	1	3	-2
45	1	3	1
46	1	3	16
47	1	3	-16
48	1	3	-11
49	1	3	-15
50	1	3	-16
51	1	3	2100
52	1	3	-17
53	1	3	-22
54	1	3	23
55	1	3	2400
56	1	3	19
57	1	3	-14
58	1	3	9
59	1	3	25
60	1	3	-15
61	1	3	10
62	1	3	-9
63	1	3	4
64	1	3	-3
65	1	3	-2
66	1	3	-1
67	1	3	999
68	1	3	-23
69	1	3	24
70	1	3	99
71	1	3	-24
72	1	3	-25
73	1	3	-9
74	1	3	-3
75	1	3	-2
76	1	3	-1
77	1	3	-12
78	1	3	-16
79	1	3	999
80	1	3	-23
81	1	3	-24
82	1	3	-20
83	1	3	-25
84	1	3	-14
85	1	3	-15
86	1	3	-10
87	1	3	-9
88	1	3	-8
89	1	3	-3
90	1	3	-5
91	1	3	-4
92	1	3	0
93	1	3	0
94	1	3	0
95	1	3	0
96	1	3	0
97	1	3	0
98	1	3	0
99	1	3	0
100	1	3	0
1	1	4	14
2	1	4	9
3	1	4	25
4	1	4	20
5	1	4	15
6	1	4	10
7	1	4	5
8	1	4	300
9	1	4	4
10	1	4	3
11	1	4	2
12	1	4	7
13	1	4	12
14	1	4	13
15	1	4	2300
16	1	4	19
17	1	4	18
18	1	4	8
19	1	4	11
20	1	4	6
21	1	4	1
22	1	4	17
23	1	4	16
24	1	4	21
25	1	4	24
26	1	4	23
27	1	4	22
28	1	4	0
29	1	4	0
30	1	4	0
31	1	4	0
32	1	4	0
33	1	4	0
34	1	4	0
35	1	4	0
36	1	4	0
37	1	4	0
38	1	4	0
39	1	4	0
40	1	4	0
41	1	4	0
42	1	4	0
43	1	4	0
44	1	4	0
45	1	4	0
46	1	4	0
47	1	4	0
48	1	4	0
49	1	4	0
50	1	4	0
51	1	4	0
52	1	4	0
53	1	4	0
54	1	4	0
55	1	4	0
56	1	4	0
57	1	4	0
58	1	4	0
59	1	4	0
60	1	4	0
61	1	4	0
62	1	4	0
63	1	4	0
64	1	4	0
65	1	4	0
66	1	4	0
67	1	4	0
68	1	4	0
69	1	4	0
70	1	4	0
71	1	4	0
72	1	4	0
73	1	4	0
74	1	4	0
75	1	4	0
76	1	4	0
77	1	4	0
78	1	4	0
79	1	4	0
80	1	4	0
81	1	4	0
82	1	4	0
83	1	4	0
84	1	4	0
85	1	4	0
86	1	4	0
87	1	4	0
88	1	4	0
89	1	4	0
90	1	4	0
91	1	4	0
92	1	4	0
93	1	4	0
94	1	4	0
95	1	4	0
96	1	4	0
97	1	4	0
98	1	4	0
99	1	4	0
100	1	4	0
1	1	5	19
2	1	5	13
3	1	5	9
4	1	5	5
5	1	5	4
6	1	5	6
7	1	5	7
8	1	5	12
9	1	5	18
10	1	5	14
11	1	5	8
12	1	5	2
13	1	5	1
14	1	5	1600
15	1	5	1700
16	1	5	16
17	1	5	24
18	1	5	25
19	1	5	20
20	1	5	17
21	1	5	3
22	1	5	11
23	1	5	999
24	1	5	-24
25	1	5	15
26	1	5	2100
27	1	5	22
28	1	5	2100
29	1	5	0
30	1	5	0
31	1	5	0
32	1	5	0
33	1	5	0
34	1	5	0
35	1	5	0
36	1	5	0
37	1	5	0
38	1	5	0
39	1	5	0
40	1	5	0
41	1	5	0
42	1	5	0
43	1	5	0
44	1	5	0
45	1	5	0
46	1	5	0
47	1	5	0
48	1	5	0
49	1	5	0
50	1	5	0
51	1	5	0
52	1	5	0
53	1	5	0
54	1	5	0
55	1	5	0
56	1	5	0
57	1	5	0
58	1	5	0
59	1	5	0
60	1	5	0
61	1	5	0
62	1	5	0
63	1	5	0
64	1	5	0
65	1	5	0
66	1	5	0
67	1	5	0
68	1	5	0
69	1	5	0
70	1	5	0
71	1	5	0
72	1	5	0
73	1	5	0
74	1	5	0
75	1	5	0
76	1	5	0
77	1	5	0
78	1	5	0
79	1	5	0
80	1	5	0
81	1	5	0
82	1	5	0
83	1	5	0
84	1	5	0
85	1	5	0
86	1	5	0
87	1	5	0
88	1	5	0
89	1	5	0
90	1	5	0
91	1	5	0
92	1	5	0
93	1	5	0
94	1	5	0
95	1	5	0
96	1	5	0
97	1	5	0
98	1	5	0
99	1	5	0
100	1	5	0
1	1	6	24
2	1	6	20
3	1	6	15
4	1	6	10
5	1	6	400
6	1	6	5
7	1	6	4
8	1	6	3
9	1	6	1700
10	1	6	1200
11	1	6	13
12	1	6	14
13	1	6	9
14	1	6	8
15	1	6	18
16	1	6	12
17	1	6	7
18	1	6	2
19	1	6	-12
20	1	6	1100
21	1	6	17
22	1	6	19
23	1	6	25
24	1	6	22
25	1	6	21
26	1	6	-21
27	1	6	16
28	1	6	1100
29	1	6	-17
30	1	6	23
31	1	6	-24
32	1	6	1100
33	1	6	-16
34	1	6	-21
35	1	6	-7
36	1	6	600
37	1	6	100
38	1	6	600
39	1	6	11
40	1	6	6
41	1	6	1
42	1	6	999
43	1	6	-24
44	1	6	-25
45	1	6	-5
46	1	6	-4
47	1	6	0
48	1	6	0
49	1	6	0
50	1	6	0
51	1	6	0
52	1	6	0
53	1	6	0
54	1	6	0
55	1	6	0
56	1	6	0
57	1	6	0
58	1	6	0
59	1	6	0
60	1	6	0
61	1	6	0
62	1	6	0
63	1	6	0
64	1	6	0
65	1	6	0
66	1	6	0
67	1	6	0
68	1	6	0
69	1	6	0
70	1	6	0
71	1	6	0
72	1	6	0
73	1	6	0
74	1	6	0
75	1	6	0
76	1	6	0
77	1	6	0
78	1	6	0
79	1	6	0
80	1	6	0
81	1	6	0
82	1	6	0
83	1	6	0
84	1	6	0
85	1	6	0
86	1	6	0
87	1	6	0
88	1	6	0
89	1	6	0
90	1	6	0
91	1	6	0
92	1	6	0
93	1	6	0
94	1	6	0
95	1	6	0
96	1	6	0
97	1	6	0
98	1	6	0
99	1	6	0
100	1	6	0
1	1	7	18
2	1	7	14
3	1	7	15
4	1	7	10
5	1	7	5
6	1	7	4
7	1	7	3
8	1	7	2
9	1	7	7
10	1	7	11
11	1	7	1600
12	1	7	1200
13	1	7	13
14	1	7	-14
15	1	7	9
16	1	7	1700
17	1	7	1200
18	1	7	-13
19	1	7	8
20	1	7	22
21	1	7	-18
22	1	7	17
23	1	7	21
24	1	7	16
25	1	7	6
26	1	7	1
27	1	7	19
28	1	7	25
29	1	7	-25
30	1	7	20
31	1	7	23
32	1	7	24
33	1	7	-17
34	1	7	0
35	1	7	0
36	1	7	0
37	1	7	0
38	1	7	0
39	1	7	0
40	1	7	0
41	1	7	0
42	1	7	0
43	1	7	0
44	1	7	0
45	1	7	0
46	1	7	0
47	1	7	0
48	1	7	0
49	1	7	0
50	1	7	0
51	1	7	0
52	1	7	0
53	1	7	0
54	1	7	0
55	1	7	0
56	1	7	0
57	1	7	0
58	1	7	0
59	1	7	0
60	1	7	0
61	1	7	0
62	1	7	0
63	1	7	0
64	1	7	0
65	1	7	0
66	1	7	0
67	1	7	0
68	1	7	0
69	1	7	0
70	1	7	0
71	1	7	0
72	1	7	0
73	1	7	0
74	1	7	0
75	1	7	0
76	1	7	0
77	1	7	0
78	1	7	0
79	1	7	0
80	1	7	0
81	1	7	0
82	1	7	0
83	1	7	0
84	1	7	0
85	1	7	0
86	1	7	0
87	1	7	0
88	1	7	0
89	1	7	0
90	1	7	0
91	1	7	0
92	1	7	0
93	1	7	0
94	1	7	0
95	1	7	0
96	1	7	0
97	1	7	0
98	1	7	0
99	1	7	0
100	1	7	0
1	1	8	2200
2	1	8	1700
3	1	8	18
4	1	8	13
5	1	8	14
6	1	8	15
7	1	8	10
8	1	8	9
9	1	8	300
10	1	8	4
11	1	8	3
12	1	8	2
13	1	8	1
14	1	8	11
15	1	8	17
16	1	8	-18
17	1	8	19
18	1	8	-15
19	1	8	5
20	1	8	-9
21	1	8	-3
22	1	8	-2
23	1	8	-1
24	1	8	-11
25	1	8	21
26	1	8	16
27	1	8	22
28	1	8	23
29	1	8	24
30	1	8	25
31	1	8	20
32	1	8	-14
33	1	8	-18
34	1	8	12
35	1	8	7
36	1	8	-11
37	1	8	6
38	1	8	-16
39	1	8	-17
40	1	8	-18
41	1	8	-21
42	1	8	-22
43	1	8	-23
44	1	8	-24
45	1	8	-15
46	1	8	-9
47	1	8	999
48	1	8	-23
49	1	8	-21
50	1	8	-17
51	1	8	-13
52	1	8	8
53	1	8	-7
54	1	8	-6
55	1	8	-4
56	1	8	-5
57	1	8	-10
58	1	8	-15
59	1	8	-20
60	1	8	-14
61	1	8	-24
62	1	8	-25
63	1	8	999
64	1	8	-8
65	1	8	-9
66	1	8	-10
67	1	8	-2
68	1	8	-1
69	1	8	0
70	1	8	0
71	1	8	0
72	1	8	0
73	1	8	0
74	1	8	0
75	1	8	0
76	1	8	0
77	1	8	0
78	1	8	0
79	1	8	0
80	1	8	0
81	1	8	0
82	1	8	0
83	1	8	0
84	1	8	0
85	1	8	0
86	1	8	0
87	1	8	0
88	1	8	0
89	1	8	0
90	1	8	0
91	1	8	0
92	1	8	0
93	1	8	0
94	1	8	0
95	1	8	0
96	1	8	0
97	1	8	0
98	1	8	0
99	1	8	0
100	1	8	0
1	1	9	23
2	1	9	19
3	1	9	15
4	1	9	10
5	1	9	5
6	1	9	4
7	1	9	9
8	1	9	3
9	1	9	12
10	1	9	8
11	1	9	14
12	1	9	18
13	1	9	13
14	1	9	24
15	1	9	20
16	1	9	7
17	1	9	2
18	1	9	1
19	1	9	11
20	1	9	17
21	1	9	21
22	1	9	16
23	1	9	22
24	1	9	-23
25	1	9	-19
26	1	9	6
27	1	9	999
28	1	9	25
29	1	9	0
30	1	9	0
31	1	9	0
32	1	9	0
33	1	9	0
34	1	9	0
35	1	9	0
36	1	9	0
37	1	9	0
38	1	9	0
39	1	9	0
40	1	9	0
41	1	9	0
42	1	9	0
43	1	9	0
44	1	9	0
45	1	9	0
46	1	9	0
47	1	9	0
48	1	9	0
49	1	9	0
50	1	9	0
51	1	9	0
52	1	9	0
53	1	9	0
54	1	9	0
55	1	9	0
56	1	9	0
57	1	9	0
58	1	9	0
59	1	9	0
60	1	9	0
61	1	9	0
62	1	9	0
63	1	9	0
64	1	9	0
65	1	9	0
66	1	9	0
67	1	9	0
68	1	9	0
69	1	9	0
70	1	9	0
71	1	9	0
72	1	9	0
73	1	9	0
74	1	9	0
75	1	9	0
76	1	9	0
77	1	9	0
78	1	9	0
79	1	9	0
80	1	9	0
81	1	9	0
82	1	9	0
83	1	9	0
84	1	9	0
85	1	9	0
86	1	9	0
87	1	9	0
88	1	9	0
89	1	9	0
90	1	9	0
91	1	9	0
92	1	9	0
93	1	9	0
94	1	9	0
95	1	9	0
96	1	9	0
97	1	9	0
98	1	9	0
99	1	9	0
100	1	9	0
1	1	10	23
2	1	10	24
3	1	10	-24
4	1	10	19
5	1	10	20
6	1	10	1400
7	1	10	15
8	1	10	10
9	1	10	9
10	1	10	-10
11	1	10	5
12	1	10	4
13	1	10	3
14	1	10	12
15	1	10	13
16	1	10	-13
17	1	10	8
18	1	10	7
19	1	10	2
20	1	10	-2
21	1	10	-3
22	1	10	-7
23	1	10	6
24	1	10	2100
25	1	10	22
26	1	10	17
27	1	10	16
28	1	10	11
29	1	10	-6
30	1	10	-12
31	1	10	-17
32	1	10	-22
33	1	10	-23
34	1	10	18
35	1	10	-24
36	1	10	25
37	1	10	-10
38	1	10	-9
39	1	10	-4
40	1	10	-3
41	1	10	-22
42	1	10	21
43	1	10	0
44	1	10	0
45	1	10	0
46	1	10	0
47	1	10	0
48	1	10	0
49	1	10	0
50	1	10	0
51	1	10	0
52	1	10	0
53	1	10	0
54	1	10	0
55	1	10	0
56	1	10	0
57	1	10	0
58	1	10	0
59	1	10	0
60	1	10	0
61	1	10	0
62	1	10	0
63	1	10	0
64	1	10	0
65	1	10	0
66	1	10	0
67	1	10	0
68	1	10	0
69	1	10	0
70	1	10	0
71	1	10	0
72	1	10	0
73	1	10	0
74	1	10	0
75	1	10	0
76	1	10	0
77	1	10	0
78	1	10	0
79	1	10	0
80	1	10	0
81	1	10	0
82	1	10	0
83	1	10	0
84	1	10	0
85	1	10	0
86	1	10	0
87	1	10	0
88	1	10	0
89	1	10	0
90	1	10	0
91	1	10	0
92	1	10	0
93	1	10	0
94	1	10	0
95	1	10	0
96	1	10	0
97	1	10	0
98	1	10	0
99	1	10	0
100	1	10	0
1	1	11	19
2	1	11	14
3	1	11	9
4	1	11	5
5	1	11	400
6	1	11	3
7	1	11	7
8	1	11	800
9	1	11	-7
10	1	11	8
11	1	11	-9
12	1	11	4
13	1	11	-3
14	1	11	2
15	1	11	1200
16	1	11	1100
17	1	11	12
18	1	11	-12
19	1	11	11
20	1	11	23
21	1	11	25
22	1	11	20
23	1	11	15
24	1	11	10
25	1	11	-14
26	1	11	18
27	1	11	13
28	1	11	-23
29	1	11	24
30	1	11	-25
31	1	11	-23
32	1	11	22
33	1	11	17
34	1	11	-11
35	1	11	6
36	1	11	21
37	1	11	-22
38	1	11	-23
39	1	11	16
40	1	11	999
41	1	11	-17
42	1	11	-18
43	1	11	-7
44	1	11	-6
45	1	11	1
46	1	11	-2
47	1	11	-3
48	1	11	-8
49	1	11	-14
50	1	11	-19
51	1	11	-20
52	1	11	-25
53	1	11	0
54	1	11	0
55	1	11	0
56	1	11	0
57	1	11	0
58	1	11	0
59	1	11	0
60	1	11	0
61	1	11	0
62	1	11	0
63	1	11	0
64	1	11	0
65	1	11	0
66	1	11	0
67	1	11	0
68	1	11	0
69	1	11	0
70	1	11	0
71	1	11	0
72	1	11	0
73	1	11	0
74	1	11	0
75	1	11	0
76	1	11	0
77	1	11	0
78	1	11	0
79	1	11	0
80	1	11	0
81	1	11	0
82	1	11	0
83	1	11	0
84	1	11	0
85	1	11	0
86	1	11	0
87	1	11	0
88	1	11	0
89	1	11	0
90	1	11	0
91	1	11	0
92	1	11	0
93	1	11	0
94	1	11	0
95	1	11	0
96	1	11	0
97	1	11	0
98	1	11	0
99	1	11	0
100	1	11	0
1	1	12	23
2	1	12	24
3	1	12	19
4	1	12	14
5	1	12	2
6	1	12	4
7	1	12	5
8	1	12	1000
9	1	12	1500
10	1	12	10
11	1	12	-14
12	1	12	9
13	1	12	7
14	1	12	1
15	1	12	22
16	1	12	17
17	1	12	12
18	1	12	13
19	1	12	8
20	1	12	-14
21	1	12	-9
22	1	12	-12
23	1	12	11
24	1	12	-23
25	1	12	18
26	1	12	-17
27	1	12	16
28	1	12	21
29	1	12	999
30	1	12	-23
31	1	12	-24
32	1	12	25
33	1	12	20
34	1	12	15
35	1	12	-10
36	1	12	-9
37	1	12	-8
38	1	12	3
39	1	12	-7
40	1	12	-6
41	1	12	1
42	1	12	-22
43	1	12	-23
44	1	12	-21
45	1	12	-11
46	1	12	-12
47	1	12	0
48	1	12	0
49	1	12	0
50	1	12	0
51	1	12	0
52	1	12	0
53	1	12	0
54	1	12	0
55	1	12	0
56	1	12	0
57	1	12	0
58	1	12	0
59	1	12	0
60	1	12	0
61	1	12	0
62	1	12	0
63	1	12	0
64	1	12	0
65	1	12	0
66	1	12	0
67	1	12	0
68	1	12	0
69	1	12	0
70	1	12	0
71	1	12	0
72	1	12	0
73	1	12	0
74	1	12	0
75	1	12	0
76	1	12	0
77	1	12	0
78	1	12	0
79	1	12	0
80	1	12	0
81	1	12	0
82	1	12	0
83	1	12	0
84	1	12	0
85	1	12	0
86	1	12	0
87	1	12	0
88	1	12	0
89	1	12	0
90	1	12	0
91	1	12	0
92	1	12	0
93	1	12	0
94	1	12	0
95	1	12	0
96	1	12	0
97	1	12	0
98	1	12	0
99	1	12	0
100	1	12	0
1	1	13	24
2	1	13	25
3	1	13	20
4	1	13	15
5	1	13	10
6	1	13	9
7	1	13	4
8	1	13	3
9	1	13	2
10	1	13	6
11	1	13	17
12	1	13	23
13	1	13	-24
14	1	13	19
15	1	13	-25
16	1	13	-10
17	1	13	-17
18	1	13	16
19	1	13	11
20	1	13	21
21	1	13	-21
22	1	13	22
23	1	13	999
24	1	13	12
25	1	13	-11
26	1	13	-16
27	1	13	-21
28	1	13	-22
29	1	13	-23
30	1	13	-19
31	1	13	14
32	1	13	-15
33	1	13	-4
34	1	13	5
35	1	13	-10
36	1	13	999
37	1	13	-22
38	1	13	-23
39	1	13	18
40	1	13	-9
41	1	13	8
42	1	13	7
43	1	13	13
44	1	13	-12
45	1	13	-11
46	1	13	-6
47	1	13	1
48	1	13	-22
49	1	13	-23
50	1	13	-24
51	1	13	-20
52	1	13	-7
53	1	13	-3
54	1	13	-2
55	1	13	-4
56	1	13	-5
57	1	13	-9
58	1	13	-11
59	1	13	-16
60	1	13	-21
61	1	13	0
62	1	13	0
63	1	13	0
64	1	13	0
65	1	13	0
66	1	13	0
67	1	13	0
68	1	13	0
69	1	13	0
70	1	13	0
71	1	13	0
72	1	13	0
73	1	13	0
74	1	13	0
75	1	13	0
76	1	13	0
77	1	13	0
78	1	13	0
79	1	13	0
80	1	13	0
81	1	13	0
82	1	13	0
83	1	13	0
84	1	13	0
85	1	13	0
86	1	13	0
87	1	13	0
88	1	13	0
89	1	13	0
90	1	13	0
91	1	13	0
92	1	13	0
93	1	13	0
94	1	13	0
95	1	13	0
96	1	13	0
97	1	13	0
98	1	13	0
99	1	13	0
100	1	13	0
1	1	14	19
2	1	14	15
3	1	14	10
4	1	14	5
5	1	14	4
6	1	14	9
7	1	14	20
8	1	14	25
9	1	14	24
10	1	14	23
11	1	14	18
12	1	14	13
13	1	14	12
14	1	14	8
15	1	14	3
16	1	14	2
17	1	14	1
18	1	14	600
19	1	14	7
20	1	14	-19
21	1	14	14
22	1	14	22
23	1	14	-22
24	1	14	17
25	1	14	16
26	1	14	11
27	1	14	6
28	1	14	21
29	1	14	0
30	1	14	0
31	1	14	0
32	1	14	0
33	1	14	0
34	1	14	0
35	1	14	0
36	1	14	0
37	1	14	0
38	1	14	0
39	1	14	0
40	1	14	0
41	1	14	0
42	1	14	0
43	1	14	0
44	1	14	0
45	1	14	0
46	1	14	0
47	1	14	0
48	1	14	0
49	1	14	0
50	1	14	0
51	1	14	0
52	1	14	0
53	1	14	0
54	1	14	0
55	1	14	0
56	1	14	0
57	1	14	0
58	1	14	0
59	1	14	0
60	1	14	0
61	1	14	0
62	1	14	0
63	1	14	0
64	1	14	0
65	1	14	0
66	1	14	0
67	1	14	0
68	1	14	0
69	1	14	0
70	1	14	0
71	1	14	0
72	1	14	0
73	1	14	0
74	1	14	0
75	1	14	0
76	1	14	0
77	1	14	0
78	1	14	0
79	1	14	0
80	1	14	0
81	1	14	0
82	1	14	0
83	1	14	0
84	1	14	0
85	1	14	0
86	1	14	0
87	1	14	0
88	1	14	0
89	1	14	0
90	1	14	0
91	1	14	0
92	1	14	0
93	1	14	0
94	1	14	0
95	1	14	0
96	1	14	0
97	1	14	0
98	1	14	0
99	1	14	0
100	1	14	0
1	1	15	23
2	1	15	14
3	1	15	15
4	1	15	10
5	1	15	4
6	1	15	3
7	1	15	1800
8	1	15	13
9	1	15	8
10	1	15	9
11	1	15	5
12	1	15	200
13	1	15	100
14	1	15	2
15	1	15	7
16	1	15	12
17	1	15	18
18	1	15	19
19	1	15	25
20	1	15	20
21	1	15	-25
22	1	15	-23
23	1	15	24
24	1	15	17
25	1	15	16
26	1	15	11
27	1	15	6
28	1	15	1
29	1	15	21
30	1	15	0
31	1	15	0
32	1	15	0
33	1	15	0
34	1	15	0
35	1	15	0
36	1	15	0
37	1	15	0
38	1	15	0
39	1	15	0
40	1	15	0
41	1	15	0
42	1	15	0
43	1	15	0
44	1	15	0
45	1	15	0
46	1	15	0
47	1	15	0
48	1	15	0
49	1	15	0
50	1	15	0
51	1	15	0
52	1	15	0
53	1	15	0
54	1	15	0
55	1	15	0
56	1	15	0
57	1	15	0
58	1	15	0
59	1	15	0
60	1	15	0
61	1	15	0
62	1	15	0
63	1	15	0
64	1	15	0
65	1	15	0
66	1	15	0
67	1	15	0
68	1	15	0
69	1	15	0
70	1	15	0
71	1	15	0
72	1	15	0
73	1	15	0
74	1	15	0
75	1	15	0
76	1	15	0
77	1	15	0
78	1	15	0
79	1	15	0
80	1	15	0
81	1	15	0
82	1	15	0
83	1	15	0
84	1	15	0
85	1	15	0
86	1	15	0
87	1	15	0
88	1	15	0
89	1	15	0
90	1	15	0
91	1	15	0
92	1	15	0
93	1	15	0
94	1	15	0
95	1	15	0
96	1	15	0
97	1	15	0
98	1	15	0
99	1	15	0
100	1	15	0
1	1	16	20
2	1	16	10
3	1	16	5
4	1	16	9
5	1	16	4
6	1	16	3
7	1	16	13
8	1	16	700
9	1	16	8
10	1	16	-13
11	1	16	14
12	1	16	15
13	1	16	25
14	1	16	24
15	1	16	19
16	1	16	23
17	1	16	17
18	1	16	12
19	1	16	700
20	1	16	200
21	1	16	7
22	1	16	2
23	1	16	1
24	1	16	6
25	1	16	1600
26	1	16	21
27	1	16	22
28	1	16	18
29	1	16	16
30	1	16	11
31	1	16	0
32	1	16	0
33	1	16	0
34	1	16	0
35	1	16	0
36	1	16	0
37	1	16	0
38	1	16	0
39	1	16	0
40	1	16	0
41	1	16	0
42	1	16	0
43	1	16	0
44	1	16	0
45	1	16	0
46	1	16	0
47	1	16	0
48	1	16	0
49	1	16	0
50	1	16	0
51	1	16	0
52	1	16	0
53	1	16	0
54	1	16	0
55	1	16	0
56	1	16	0
57	1	16	0
58	1	16	0
59	1	16	0
60	1	16	0
61	1	16	0
62	1	16	0
63	1	16	0
64	1	16	0
65	1	16	0
66	1	16	0
67	1	16	0
68	1	16	0
69	1	16	0
70	1	16	0
71	1	16	0
72	1	16	0
73	1	16	0
74	1	16	0
75	1	16	0
76	1	16	0
77	1	16	0
78	1	16	0
79	1	16	0
80	1	16	0
81	1	16	0
82	1	16	0
83	1	16	0
84	1	16	0
85	1	16	0
86	1	16	0
87	1	16	0
88	1	16	0
89	1	16	0
90	1	16	0
91	1	16	0
92	1	16	0
93	1	16	0
94	1	16	0
95	1	16	0
96	1	16	0
97	1	16	0
98	1	16	0
99	1	16	0
100	1	16	0
1	1	17	23
2	1	17	24
3	1	17	15
4	1	17	10
5	1	17	5
6	1	17	4
7	1	17	14
8	1	17	20
9	1	17	25
10	1	17	19
11	1	17	9
12	1	17	3
13	1	17	8
14	1	17	13
15	1	17	-23
16	1	17	18
17	1	17	-19
18	1	17	7
19	1	17	12
20	1	17	16
21	1	17	11
22	1	17	6
23	1	17	1
24	1	17	2
25	1	17	22
26	1	17	17
27	1	17	21
28	1	17	-25
29	1	17	-24
30	1	17	999
31	1	17	-17
32	1	17	-22
33	1	17	-25
34	1	17	-15
35	1	17	-10
36	1	17	-9
37	1	17	0
38	1	17	0
39	1	17	0
40	1	17	0
41	1	17	0
42	1	17	0
43	1	17	0
44	1	17	0
45	1	17	0
46	1	17	0
47	1	17	0
48	1	17	0
49	1	17	0
50	1	17	0
51	1	17	0
52	1	17	0
53	1	17	0
54	1	17	0
55	1	17	0
56	1	17	0
57	1	17	0
58	1	17	0
59	1	17	0
60	1	17	0
61	1	17	0
62	1	17	0
63	1	17	0
64	1	17	0
65	1	17	0
66	1	17	0
67	1	17	0
68	1	17	0
69	1	17	0
70	1	17	0
71	1	17	0
72	1	17	0
73	1	17	0
74	1	17	0
75	1	17	0
76	1	17	0
77	1	17	0
78	1	17	0
79	1	17	0
80	1	17	0
81	1	17	0
82	1	17	0
83	1	17	0
84	1	17	0
85	1	17	0
86	1	17	0
87	1	17	0
88	1	17	0
89	1	17	0
90	1	17	0
91	1	17	0
92	1	17	0
93	1	17	0
94	1	17	0
95	1	17	0
96	1	17	0
97	1	17	0
98	1	17	0
99	1	17	0
100	1	17	0
1	1	18	1900
2	1	18	2400
3	1	18	19
4	1	18	15
5	1	18	10
6	1	18	5
7	1	18	4
8	1	18	3
9	1	18	9
10	1	18	2000
11	1	18	25
12	1	18	24
13	1	18	20
14	1	18	14
15	1	18	13
16	1	18	8
17	1	18	12
18	1	18	7
19	1	18	2
20	1	18	600
21	1	18	1
22	1	18	6
23	1	18	11
24	1	18	21
25	1	18	99
26	1	18	22
27	1	18	17
28	1	18	18
29	1	18	23
30	1	18	16
31	1	18	0
32	1	18	0
33	1	18	0
34	1	18	0
35	1	18	0
36	1	18	0
37	1	18	0
38	1	18	0
39	1	18	0
40	1	18	0
41	1	18	0
42	1	18	0
43	1	18	0
44	1	18	0
45	1	18	0
46	1	18	0
47	1	18	0
48	1	18	0
49	1	18	0
50	1	18	0
51	1	18	0
52	1	18	0
53	1	18	0
54	1	18	0
55	1	18	0
56	1	18	0
57	1	18	0
58	1	18	0
59	1	18	0
60	1	18	0
61	1	18	0
62	1	18	0
63	1	18	0
64	1	18	0
65	1	18	0
66	1	18	0
67	1	18	0
68	1	18	0
69	1	18	0
70	1	18	0
71	1	18	0
72	1	18	0
73	1	18	0
74	1	18	0
75	1	18	0
76	1	18	0
77	1	18	0
78	1	18	0
79	1	18	0
80	1	18	0
81	1	18	0
82	1	18	0
83	1	18	0
84	1	18	0
85	1	18	0
86	1	18	0
87	1	18	0
88	1	18	0
89	1	18	0
90	1	18	0
91	1	18	0
92	1	18	0
93	1	18	0
94	1	18	0
95	1	18	0
96	1	18	0
97	1	18	0
98	1	18	0
99	1	18	0
100	1	18	0
1	1	19	14
2	1	19	15
3	1	19	5
4	1	19	4
5	1	19	3
6	1	19	2
7	1	19	1
8	1	19	17
9	1	19	24
10	1	19	19
11	1	19	-14
12	1	19	9
13	1	19	-15
14	1	19	20
15	1	19	25
16	1	19	-24
17	1	19	23
18	1	19	18
19	1	19	13
20	1	19	-9
21	1	19	800
22	1	19	7
23	1	19	12
24	1	19	22
25	1	19	21
26	1	19	16
27	1	19	11
28	1	19	-17
29	1	19	-22
30	1	19	-21
31	1	19	-16
32	1	19	-11
33	1	19	-12
34	1	19	-18
35	1	19	-23
36	1	19	-22
37	1	19	-21
38	1	19	-25
39	1	19	-15
40	1	19	10
41	1	19	-4
42	1	19	-3
43	1	19	-2
44	1	19	-1
45	1	19	6
46	1	19	-11
47	1	19	-16
48	1	19	-21
49	1	19	-16
50	1	19	0
51	1	19	0
52	1	19	0
53	1	19	0
54	1	19	0
55	1	19	0
56	1	19	0
57	1	19	0
58	1	19	0
59	1	19	0
60	1	19	0
61	1	19	0
62	1	19	0
63	1	19	0
64	1	19	0
65	1	19	0
66	1	19	0
67	1	19	0
68	1	19	0
69	1	19	0
70	1	19	0
71	1	19	0
72	1	19	0
73	1	19	0
74	1	19	0
75	1	19	0
76	1	19	0
77	1	19	0
78	1	19	0
79	1	19	0
80	1	19	0
81	1	19	0
82	1	19	0
83	1	19	0
84	1	19	0
85	1	19	0
86	1	19	0
87	1	19	0
88	1	19	0
89	1	19	0
90	1	19	0
91	1	19	0
92	1	19	0
93	1	19	0
94	1	19	0
95	1	19	0
96	1	19	0
97	1	19	0
98	1	19	0
99	1	19	0
100	1	19	0
1	1	20	20
2	1	20	15
3	1	20	19
4	1	20	25
5	1	20	-15
6	1	20	10
7	1	20	5
8	1	20	300
9	1	20	4
10	1	20	3
11	1	20	2
12	1	20	6
13	1	20	23
14	1	20	24
15	1	20	14
16	1	20	9
17	1	20	-4
18	1	20	-3
19	1	20	8
20	1	20	7
21	1	20	11
22	1	20	12
23	1	20	-6
24	1	20	1
25	1	20	2200
26	1	20	17
27	1	20	-12
28	1	20	-11
29	1	20	-6
30	1	20	-1
31	1	20	1600
32	1	20	21
33	1	20	16
34	1	20	22
35	1	20	-21
36	1	20	-22
37	1	20	-23
38	1	20	-24
39	1	20	-25
40	1	20	-14
41	1	20	-10
42	1	20	-9
43	1	20	-8
44	1	20	-7
45	1	20	-6
46	1	20	-11
47	1	20	-16
48	1	20	-21
49	1	20	0
50	1	20	0
51	1	20	0
52	1	20	0
53	1	20	0
54	1	20	0
55	1	20	0
56	1	20	0
57	1	20	0
58	1	20	0
59	1	20	0
60	1	20	0
61	1	20	0
62	1	20	0
63	1	20	0
64	1	20	0
65	1	20	0
66	1	20	0
67	1	20	0
68	1	20	0
69	1	20	0
70	1	20	0
71	1	20	0
72	1	20	0
73	1	20	0
74	1	20	0
75	1	20	0
76	1	20	0
77	1	20	0
78	1	20	0
79	1	20	0
80	1	20	0
81	1	20	0
82	1	20	0
83	1	20	0
84	1	20	0
85	1	20	0
86	1	20	0
87	1	20	0
88	1	20	0
89	1	20	0
90	1	20	0
91	1	20	0
92	1	20	0
93	1	20	0
94	1	20	0
95	1	20	0
96	1	20	0
97	1	20	0
98	1	20	0
99	1	20	0
100	1	20	0
1	1	21	19
2	1	21	24
3	1	21	25
4	1	21	20
5	1	21	10
6	1	21	5
7	1	21	-24
8	1	21	-25
9	1	21	-19
10	1	21	14
11	1	21	9
12	1	21	4
13	1	21	3
14	1	21	7
15	1	21	2
16	1	21	8
17	1	21	13
18	1	21	17
19	1	21	22
20	1	21	21
21	1	21	16
22	1	21	11
23	1	21	-11
24	1	21	6
25	1	21	-7
26	1	21	1
27	1	21	-8
28	1	21	-13
29	1	21	18
30	1	21	23
31	1	21	-19
32	1	21	-20
33	1	21	15
34	1	21	-15
35	1	21	-10
36	1	21	-4
37	1	21	-2
38	1	21	12
39	1	21	99
40	1	21	-21
41	1	21	-16
42	1	21	999
43	1	21	-23
44	1	21	-13
45	1	21	-14
46	1	21	-15
47	1	21	-10
48	1	21	-4
49	1	21	-3
50	1	21	0
51	1	21	0
52	1	21	0
53	1	21	0
54	1	21	0
55	1	21	0
56	1	21	0
57	1	21	0
58	1	21	0
59	1	21	0
60	1	21	0
61	1	21	0
62	1	21	0
63	1	21	0
64	1	21	0
65	1	21	0
66	1	21	0
67	1	21	0
68	1	21	0
69	1	21	0
70	1	21	0
71	1	21	0
72	1	21	0
73	1	21	0
74	1	21	0
75	1	21	0
76	1	21	0
77	1	21	0
78	1	21	0
79	1	21	0
80	1	21	0
81	1	21	0
82	1	21	0
83	1	21	0
84	1	21	0
85	1	21	0
86	1	21	0
87	1	21	0
88	1	21	0
89	1	21	0
90	1	21	0
91	1	21	0
92	1	21	0
93	1	21	0
94	1	21	0
95	1	21	0
96	1	21	0
97	1	21	0
98	1	21	0
99	1	21	0
100	1	21	0
1	1	22	22
2	1	22	1600
3	1	22	17
4	1	22	16
5	1	22	18
6	1	22	13
7	1	22	8
8	1	22	3
9	1	22	22
10	1	22	23
11	1	22	18
12	1	22	24
13	1	22	19
14	1	22	14
15	1	22	1500
16	1	22	2000
17	1	22	1000
18	1	22	5
19	1	22	4
20	1	22	-3
21	1	22	2
22	1	22	7
23	1	22	12
24	1	22	11
25	1	22	-22
26	1	22	-17
27	1	22	-12
28	1	22	-11
29	1	22	6
30	1	22	-7
31	1	22	1
32	1	22	-3
33	1	22	-17
34	1	22	25
35	1	22	20
36	1	22	15
37	1	22	10
38	1	22	-4
39	1	22	-14
40	1	22	-8
41	1	22	-13
42	1	22	-18
43	1	22	-23
44	1	22	-22
45	1	22	21
46	1	22	-11
47	1	22	999
48	1	22	-19
49	1	22	-24
50	1	22	-25
51	1	22	9
52	1	22	-8
53	1	22	-7
54	1	22	-6
55	1	22	-11
56	1	22	-12
57	1	22	-17
58	1	22	-22
59	1	22	-21
60	1	22	-24
61	1	22	0
62	1	22	0
63	1	22	0
64	1	22	0
65	1	22	0
66	1	22	0
67	1	22	0
68	1	22	0
69	1	22	0
70	1	22	0
71	1	22	0
72	1	22	0
73	1	22	0
74	1	22	0
75	1	22	0
76	1	22	0
77	1	22	0
78	1	22	0
79	1	22	0
80	1	22	0
81	1	22	0
82	1	22	0
83	1	22	0
84	1	22	0
85	1	22	0
86	1	22	0
87	1	22	0
88	1	22	0
89	1	22	0
90	1	22	0
91	1	22	0
92	1	22	0
93	1	22	0
94	1	22	0
95	1	22	0
96	1	22	0
97	1	22	0
98	1	22	0
99	1	22	0
100	1	22	0
1	1	23	25
2	1	23	20
3	1	23	15
4	1	23	10
5	1	23	9
6	1	23	5
7	1	23	4
8	1	23	3
9	1	23	2
10	1	23	8
11	1	23	14
12	1	23	19
13	1	23	24
14	1	23	18
15	1	23	13
16	1	23	7
17	1	23	12
18	1	23	16
19	1	23	22
20	1	23	17
21	1	23	-17
22	1	23	11
23	1	23	6
24	1	23	1
25	1	23	21
26	1	23	23
27	1	23	999
28	1	23	-24
29	1	23	-23
30	1	23	-13
31	1	23	-8
32	1	23	-7
33	1	23	-12
34	1	23	999
35	1	23	-25
36	1	23	-20
37	1	23	-14
38	1	23	-9
39	1	23	0
40	1	23	0
41	1	23	0
42	1	23	0
43	1	23	0
44	1	23	0
45	1	23	0
46	1	23	0
47	1	23	0
48	1	23	0
49	1	23	0
50	1	23	0
51	1	23	0
52	1	23	0
53	1	23	0
54	1	23	0
55	1	23	0
56	1	23	0
57	1	23	0
58	1	23	0
59	1	23	0
60	1	23	0
61	1	23	0
62	1	23	0
63	1	23	0
64	1	23	0
65	1	23	0
66	1	23	0
67	1	23	0
68	1	23	0
69	1	23	0
70	1	23	0
71	1	23	0
72	1	23	0
73	1	23	0
74	1	23	0
75	1	23	0
76	1	23	0
77	1	23	0
78	1	23	0
79	1	23	0
80	1	23	0
81	1	23	0
82	1	23	0
83	1	23	0
84	1	23	0
85	1	23	0
86	1	23	0
87	1	23	0
88	1	23	0
89	1	23	0
90	1	23	0
91	1	23	0
92	1	23	0
93	1	23	0
94	1	23	0
95	1	23	0
96	1	23	0
97	1	23	0
98	1	23	0
99	1	23	0
100	1	23	0
1	1	24	19
2	1	24	25
3	1	24	20
4	1	24	15
5	1	24	10
6	1	24	5
7	1	24	4
8	1	24	200
9	1	24	3
10	1	24	9
11	1	24	14
12	1	24	13
13	1	24	18
14	1	24	24
15	1	24	23
16	1	24	22
17	1	24	17
18	1	24	12
19	1	24	7
20	1	24	2
21	1	24	8
22	1	24	6
23	1	24	-22
24	1	24	-23
25	1	24	16
26	1	24	21
27	1	24	11
28	1	24	1
29	1	24	-19
30	1	24	-25
31	1	24	-24
32	1	24	999
33	1	24	-19
34	1	24	-12
35	1	24	-3
36	1	24	-5
37	1	24	-10
38	1	24	-15
39	1	24	-19
40	1	24	-24
41	1	24	-25
42	1	24	0
43	1	24	0
44	1	24	0
45	1	24	0
46	1	24	0
47	1	24	0
48	1	24	0
49	1	24	0
50	1	24	0
51	1	24	0
52	1	24	0
53	1	24	0
54	1	24	0
55	1	24	0
56	1	24	0
57	1	24	0
58	1	24	0
59	1	24	0
60	1	24	0
61	1	24	0
62	1	24	0
63	1	24	0
64	1	24	0
65	1	24	0
66	1	24	0
67	1	24	0
68	1	24	0
69	1	24	0
70	1	24	0
71	1	24	0
72	1	24	0
73	1	24	0
74	1	24	0
75	1	24	0
76	1	24	0
77	1	24	0
78	1	24	0
79	1	24	0
80	1	24	0
81	1	24	0
82	1	24	0
83	1	24	0
84	1	24	0
85	1	24	0
86	1	24	0
87	1	24	0
88	1	24	0
89	1	24	0
90	1	24	0
91	1	24	0
92	1	24	0
93	1	24	0
94	1	24	0
95	1	24	0
96	1	24	0
97	1	24	0
98	1	24	0
99	1	24	0
100	1	24	0
1	1	25	19
2	1	25	25
3	1	25	20
4	1	25	15
5	1	25	10
6	1	25	5
7	1	25	4
8	1	25	9
9	1	25	14
10	1	25	-25
11	1	25	24
12	1	25	23
13	1	25	-24
14	1	25	18
15	1	25	13
16	1	25	8
17	1	25	3
18	1	25	12
19	1	25	17
20	1	25	16
21	1	25	22
22	1	25	21
23	1	25	11
24	1	25	7
25	1	25	2
26	1	25	6
27	1	25	1
28	1	25	-23
29	1	25	999
30	1	25	-13
31	1	25	0
32	1	25	0
33	1	25	0
34	1	25	0
35	1	25	0
36	1	25	0
37	1	25	0
38	1	25	0
39	1	25	0
40	1	25	0
41	1	25	0
42	1	25	0
43	1	25	0
44	1	25	0
45	1	25	0
46	1	25	0
47	1	25	0
48	1	25	0
49	1	25	0
50	1	25	0
51	1	25	0
52	1	25	0
53	1	25	0
54	1	25	0
55	1	25	0
56	1	25	0
57	1	25	0
58	1	25	0
59	1	25	0
60	1	25	0
61	1	25	0
62	1	25	0
63	1	25	0
64	1	25	0
65	1	25	0
66	1	25	0
67	1	25	0
68	1	25	0
69	1	25	0
70	1	25	0
71	1	25	0
72	1	25	0
73	1	25	0
74	1	25	0
75	1	25	0
76	1	25	0
77	1	25	0
78	1	25	0
79	1	25	0
80	1	25	0
81	1	25	0
82	1	25	0
83	1	25	0
84	1	25	0
85	1	25	0
86	1	25	0
87	1	25	0
88	1	25	0
89	1	25	0
90	1	25	0
91	1	25	0
92	1	25	0
93	1	25	0
94	1	25	0
95	1	25	0
96	1	25	0
97	1	25	0
98	1	25	0
99	1	25	0
100	1	25	0
1	1	26	24
2	1	26	19
3	1	26	14
4	1	26	9
5	1	26	-24
6	1	26	2500
7	1	26	20
8	1	26	15
9	1	26	13
10	1	26	8
11	1	26	3
12	1	26	2
13	1	26	1
14	1	26	6
15	1	26	11
16	1	26	22
17	1	26	17
18	1	26	12
19	1	26	7
20	1	26	-11
21	1	26	-12
22	1	26	-13
23	1	26	18
24	1	26	23
25	1	26	-19
26	1	26	-15
27	1	26	-14
28	1	26	-18
29	1	26	16
30	1	26	21
31	1	26	-21
32	1	26	-22
33	1	26	-18
34	1	26	-24
35	1	26	25
36	1	26	-15
37	1	26	-9
38	1	26	4
39	1	26	5
40	1	26	-1
41	1	26	-2
42	1	26	-6
43	1	26	-11
44	1	26	-16
45	1	26	-21
46	1	26	-23
47	1	26	-19
48	1	26	-24
49	1	26	-25
50	1	26	-15
51	1	26	10
52	1	26	-5
53	1	26	-4
54	1	26	-3
55	1	26	-2
56	1	26	-25
57	1	26	-24
58	1	26	-21
59	1	26	99
60	1	26	-25
61	1	26	-19
62	1	26	-20
63	1	26	-15
64	1	26	-9
65	1	26	-8
66	1	26	-13
67	1	26	-17
68	1	26	-12
69	1	26	-11
70	1	26	-7
71	1	26	-6
72	1	26	-2
73	1	26	-1
74	1	26	-3
75	1	26	-4
76	1	26	-10
77	1	26	-15
78	1	26	999
79	1	26	-22
80	1	26	-21
81	1	26	-23
82	1	26	-13
83	1	26	-12
84	1	26	999
85	1	26	-18
86	1	26	-19
87	1	26	-24
88	1	26	-25
89	1	26	-20
90	1	26	-5
91	1	26	-4
92	1	26	-3
93	1	26	-2
94	1	26	-12
95	1	26	-11
96	1	26	-1
97	1	26	-2
98	1	26	-8
99	1	26	-13
100	1	26	-19
1	1	27	20
2	1	27	15
3	1	27	10
4	1	27	5
5	1	27	4
6	1	27	3
7	1	27	9
8	1	27	8
9	1	27	17
10	1	27	2300
11	1	27	24
12	1	27	19
13	1	27	14
14	1	27	13
15	1	27	12
16	1	27	7
17	1	27	2
18	1	27	1
19	1	27	1100
20	1	27	1600
21	1	27	2300
22	1	27	-24
23	1	27	25
24	1	27	23
25	1	27	18
26	1	27	22
27	1	27	21
28	1	27	16
29	1	27	11
30	1	27	6
31	1	27	-24
32	1	27	0
33	1	27	0
34	1	27	0
35	1	27	0
36	1	27	0
37	1	27	0
38	1	27	0
39	1	27	0
40	1	27	0
41	1	27	0
42	1	27	0
43	1	27	0
44	1	27	0
45	1	27	0
46	1	27	0
47	1	27	0
48	1	27	0
49	1	27	0
50	1	27	0
51	1	27	0
52	1	27	0
53	1	27	0
54	1	27	0
55	1	27	0
56	1	27	0
57	1	27	0
58	1	27	0
59	1	27	0
60	1	27	0
61	1	27	0
62	1	27	0
63	1	27	0
64	1	27	0
65	1	27	0
66	1	27	0
67	1	27	0
68	1	27	0
69	1	27	0
70	1	27	0
71	1	27	0
72	1	27	0
73	1	27	0
74	1	27	0
75	1	27	0
76	1	27	0
77	1	27	0
78	1	27	0
79	1	27	0
80	1	27	0
81	1	27	0
82	1	27	0
83	1	27	0
84	1	27	0
85	1	27	0
86	1	27	0
87	1	27	0
88	1	27	0
89	1	27	0
90	1	27	0
91	1	27	0
92	1	27	0
93	1	27	0
94	1	27	0
95	1	27	0
96	1	27	0
97	1	27	0
98	1	27	0
99	1	27	0
100	1	27	0
1	1	28	14
2	1	28	25
3	1	28	20
4	1	28	15
5	1	28	9
6	1	28	18
7	1	28	-14
8	1	28	-9
9	1	28	4
10	1	28	3
11	1	28	2
12	1	28	1
13	1	28	6
14	1	28	11
15	1	28	17
16	1	28	22
17	1	28	2300
18	1	28	24
19	1	28	19
20	1	28	13
21	1	28	12
22	1	28	-11
23	1	28	16
24	1	28	21
25	1	28	-22
26	1	28	23
27	1	28	-24
28	1	28	-25
29	1	28	-15
30	1	28	10
31	1	28	-9
32	1	28	5
33	1	28	-4
34	1	28	-3
35	1	28	-2
36	1	28	-1
37	1	28	-6
38	1	28	-11
39	1	28	-16
40	1	28	-21
41	1	28	-22
42	1	28	-25
43	1	28	-15
44	1	28	-5
45	1	28	-4
46	1	28	999
47	1	28	-22
48	1	28	-18
49	1	28	-14
50	1	28	-9
51	1	28	7
52	1	28	-25
53	1	28	-19
54	1	28	-13
55	1	28	-6
56	1	28	8
57	1	28	-13
58	1	28	-9
59	1	28	-17
60	1	28	-16
61	1	28	-22
62	1	28	-25
63	1	28	-10
64	1	28	99
65	1	28	-22
66	1	28	-23
67	1	28	-24
68	1	28	-9
69	1	28	-5
70	1	28	-4
71	1	28	-2
72	1	28	-3
73	1	28	-1
74	1	28	999
75	1	28	-9
76	1	28	-15
77	1	28	-14
78	1	28	0
79	1	28	0
80	1	28	0
81	1	28	0
82	1	28	0
83	1	28	0
84	1	28	0
85	1	28	0
86	1	28	0
87	1	28	0
88	1	28	0
89	1	28	0
90	1	28	0
91	1	28	0
92	1	28	0
93	1	28	0
94	1	28	0
95	1	28	0
96	1	28	0
97	1	28	0
98	1	28	0
99	1	28	0
100	1	28	0
1	1	29	19
2	1	29	25
3	1	29	20
4	1	29	15
5	1	29	10
6	1	29	5
7	1	29	4
8	1	29	24
9	1	29	-25
10	1	29	-15
11	1	29	-5
12	1	29	-4
13	1	29	3
14	1	29	2
15	1	29	12
16	1	29	17
17	1	29	23
18	1	29	18
19	1	29	-19
20	1	29	14
21	1	29	-25
22	1	29	-23
23	1	29	-24
24	1	29	22
25	1	29	16
26	1	29	2100
27	1	29	11
28	1	29	6
29	1	29	1
30	1	29	-2
31	1	29	7
32	1	29	13
33	1	29	8
34	1	29	-7
35	1	29	-17
36	1	29	-16
37	1	29	-22
38	1	29	-23
39	1	29	-24
40	1	29	-25
41	1	29	-15
42	1	29	9
43	1	29	-8
44	1	29	-4
45	1	29	-5
46	1	29	-2
47	1	29	-6
48	1	29	-11
49	1	29	-16
50	1	29	21
51	1	29	-23
52	1	29	-24
53	1	29	-25
54	1	29	-15
55	1	29	-9
56	1	29	-21
57	1	29	99
58	1	29	-21
59	1	29	-11
60	1	29	-12
61	1	29	-13
62	1	29	99
63	1	29	-18
64	1	29	-19
65	1	29	-14
66	1	29	-9
67	1	29	-8
68	1	29	-3
69	1	29	-5
70	1	29	-3
71	1	29	-2
72	1	29	-10
73	1	29	99
74	1	29	-23
75	1	29	99
76	1	29	-21
77	1	29	-16
78	1	29	-17
79	1	29	-13
80	1	29	-20
81	1	29	-10
82	1	29	-8
83	1	29	-4
84	1	29	-3
85	1	29	0
86	1	29	0
87	1	29	0
88	1	29	0
89	1	29	0
90	1	29	0
91	1	29	0
92	1	29	0
93	1	29	0
94	1	29	0
95	1	29	0
96	1	29	0
97	1	29	0
98	1	29	0
99	1	29	0
100	1	29	0
1	1	30	20
2	1	30	15
3	1	30	10
4	1	30	5
5	1	30	4
6	1	30	9
7	1	30	3
8	1	30	8
9	1	30	19
10	1	30	25
11	1	30	14
12	1	30	13
13	1	30	22
14	1	30	18
15	1	30	23
16	1	30	24
17	1	30	-18
18	1	30	17
19	1	30	12
20	1	30	7
21	1	30	2
22	1	30	1
23	1	30	6
24	1	30	11
25	1	30	21
26	1	30	16
27	1	30	-25
28	1	30	99
29	1	30	-19
30	1	30	-8
31	1	30	999
32	1	30	-25
33	1	30	999
34	1	30	-23
35	1	30	-24
36	1	30	-14
37	1	30	-4
38	1	30	0
39	1	30	0
40	1	30	0
41	1	30	0
42	1	30	0
43	1	30	0
44	1	30	0
45	1	30	0
46	1	30	0
47	1	30	0
48	1	30	0
49	1	30	0
50	1	30	0
51	1	30	0
52	1	30	0
53	1	30	0
54	1	30	0
55	1	30	0
56	1	30	0
57	1	30	0
58	1	30	0
59	1	30	0
60	1	30	0
61	1	30	0
62	1	30	0
63	1	30	0
64	1	30	0
65	1	30	0
66	1	30	0
67	1	30	0
68	1	30	0
69	1	30	0
70	1	30	0
71	1	30	0
72	1	30	0
73	1	30	0
74	1	30	0
75	1	30	0
76	1	30	0
77	1	30	0
78	1	30	0
79	1	30	0
80	1	30	0
81	1	30	0
82	1	30	0
83	1	30	0
84	1	30	0
85	1	30	0
86	1	30	0
87	1	30	0
88	1	30	0
89	1	30	0
90	1	30	0
91	1	30	0
92	1	30	0
93	1	30	0
94	1	30	0
95	1	30	0
96	1	30	0
97	1	30	0
98	1	30	0
99	1	30	0
100	1	30	0
1	1	31	13
2	1	31	14
3	1	31	2400
4	1	31	25
5	1	31	19
6	1	31	15
7	1	31	10
8	1	31	5
9	1	31	4
10	1	31	3
11	1	31	2
12	1	31	1
13	1	31	1200
14	1	31	7
15	1	31	12
16	1	31	18
17	1	31	8
18	1	31	24
19	1	31	-25
20	1	31	-19
21	1	31	20
22	1	31	-15
23	1	31	-14
24	1	31	9
25	1	31	-8
26	1	31	-13
27	1	31	-18
28	1	31	17
29	1	31	22
30	1	31	16
31	1	31	11
32	1	31	-11
33	1	31	6
34	1	31	-16
35	1	31	21
36	1	31	23
37	1	31	-25
38	1	31	-15
39	1	31	-8
40	1	31	-7
41	1	31	-6
42	1	31	-3
43	1	31	-5
44	1	31	-10
45	1	31	-22
46	1	31	-21
47	1	31	0
48	1	31	0
49	1	31	0
50	1	31	0
51	1	31	0
52	1	31	0
53	1	31	0
54	1	31	0
55	1	31	0
56	1	31	0
57	1	31	0
58	1	31	0
59	1	31	0
60	1	31	0
61	1	31	0
62	1	31	0
63	1	31	0
64	1	31	0
65	1	31	0
66	1	31	0
67	1	31	0
68	1	31	0
69	1	31	0
70	1	31	0
71	1	31	0
72	1	31	0
73	1	31	0
74	1	31	0
75	1	31	0
76	1	31	0
77	1	31	0
78	1	31	0
79	1	31	0
80	1	31	0
81	1	31	0
82	1	31	0
83	1	31	0
84	1	31	0
85	1	31	0
86	1	31	0
87	1	31	0
88	1	31	0
89	1	31	0
90	1	31	0
91	1	31	0
92	1	31	0
93	1	31	0
94	1	31	0
95	1	31	0
96	1	31	0
97	1	31	0
98	1	31	0
99	1	31	0
100	1	31	0
1	1	32	19
2	1	32	14
3	1	32	13
4	1	32	12
5	1	32	11
6	1	32	16
7	1	32	22
8	1	32	23
9	1	32	18
10	1	32	-19
11	1	32	24
12	1	32	20
13	1	32	-24
14	1	32	25
15	1	32	15
16	1	32	-14
17	1	32	1000
18	1	32	900
19	1	32	10
20	1	32	5
21	1	32	9
22	1	32	4
23	1	32	3
24	1	32	7
25	1	32	2
26	1	32	6
27	1	32	1
28	1	32	-2
29	1	32	-7
30	1	32	8
31	1	32	17
32	1	32	-22
33	1	32	-23
34	1	32	2100
35	1	32	-22
36	1	32	21
37	1	32	-11
38	1	32	-12
39	1	32	-13
40	1	32	-24
41	1	32	-25
42	1	32	-15
43	1	32	-9
44	1	32	-5
45	1	32	-4
46	1	32	999
47	1	32	-23
48	1	32	-14
49	1	32	-8
50	1	32	-5
51	1	32	0
52	1	32	0
53	1	32	0
54	1	32	0
55	1	32	0
56	1	32	0
57	1	32	0
58	1	32	0
59	1	32	0
60	1	32	0
61	1	32	0
62	1	32	0
63	1	32	0
64	1	32	0
65	1	32	0
66	1	32	0
67	1	32	0
68	1	32	0
69	1	32	0
70	1	32	0
71	1	32	0
72	1	32	0
73	1	32	0
74	1	32	0
75	1	32	0
76	1	32	0
77	1	32	0
78	1	32	0
79	1	32	0
80	1	32	0
81	1	32	0
82	1	32	0
83	1	32	0
84	1	32	0
85	1	32	0
86	1	32	0
87	1	32	0
88	1	32	0
89	1	32	0
90	1	32	0
91	1	32	0
92	1	32	0
93	1	32	0
94	1	32	0
95	1	32	0
96	1	32	0
97	1	32	0
98	1	32	0
99	1	32	0
100	1	32	0
1	1	33	23
2	1	33	24
3	1	33	25
4	1	33	20
5	1	33	15
6	1	33	10
7	1	33	5
8	1	33	4
9	1	33	3
10	1	33	2
11	1	33	7
12	1	33	12
13	1	33	18
14	1	33	13
15	1	33	14
16	1	33	9
17	1	33	19
18	1	33	-25
19	1	33	22
20	1	33	17
21	1	33	11
22	1	33	6
23	1	33	1
24	1	33	8
25	1	33	21
26	1	33	99
27	1	33	16
28	1	33	999
29	1	33	-17
30	1	33	-18
31	1	33	-10
32	1	33	-15
33	1	33	999
34	1	33	-19
35	1	33	0
36	1	33	0
37	1	33	0
38	1	33	0
39	1	33	0
40	1	33	0
41	1	33	0
42	1	33	0
43	1	33	0
44	1	33	0
45	1	33	0
46	1	33	0
47	1	33	0
48	1	33	0
49	1	33	0
50	1	33	0
51	1	33	0
52	1	33	0
53	1	33	0
54	1	33	0
55	1	33	0
56	1	33	0
57	1	33	0
58	1	33	0
59	1	33	0
60	1	33	0
61	1	33	0
62	1	33	0
63	1	33	0
64	1	33	0
65	1	33	0
66	1	33	0
67	1	33	0
68	1	33	0
69	1	33	0
70	1	33	0
71	1	33	0
72	1	33	0
73	1	33	0
74	1	33	0
75	1	33	0
76	1	33	0
77	1	33	0
78	1	33	0
79	1	33	0
80	1	33	0
81	1	33	0
82	1	33	0
83	1	33	0
84	1	33	0
85	1	33	0
86	1	33	0
87	1	33	0
88	1	33	0
89	1	33	0
90	1	33	0
91	1	33	0
92	1	33	0
93	1	33	0
94	1	33	0
95	1	33	0
96	1	33	0
97	1	33	0
98	1	33	0
99	1	33	0
100	1	33	0
1	1	34	15
2	1	34	25
3	1	34	20
4	1	34	-15
5	1	34	10
6	1	34	5
7	1	34	4
8	1	34	3
9	1	34	2
10	1	34	1
11	1	34	600
12	1	34	7
13	1	34	6
14	1	34	22
15	1	34	23
16	1	34	18
17	1	34	13
18	1	34	14
19	1	34	9
20	1	34	8
21	1	34	-7
22	1	34	-6
23	1	34	17
24	1	34	2100
25	1	34	-22
26	1	34	1600
27	1	34	12
28	1	34	-17
29	1	34	-23
30	1	34	24
31	1	34	19
32	1	34	-25
33	1	34	-15
34	1	34	-20
35	1	34	-18
36	1	34	-17
37	1	34	16
38	1	34	21
39	1	34	-22
40	1	34	-23
41	1	34	-13
42	1	34	-7
43	1	34	-4
44	1	34	-10
45	1	34	-15
46	1	34	99
47	1	34	-21
48	1	34	0
49	1	34	0
50	1	34	0
51	1	34	0
52	1	34	0
53	1	34	0
54	1	34	0
55	1	34	0
56	1	34	0
57	1	34	0
58	1	34	0
59	1	34	0
60	1	34	0
61	1	34	0
62	1	34	0
63	1	34	0
64	1	34	0
65	1	34	0
66	1	34	0
67	1	34	0
68	1	34	0
69	1	34	0
70	1	34	0
71	1	34	0
72	1	34	0
73	1	34	0
74	1	34	0
75	1	34	0
76	1	34	0
77	1	34	0
78	1	34	0
79	1	34	0
80	1	34	0
81	1	34	0
82	1	34	0
83	1	34	0
84	1	34	0
85	1	34	0
86	1	34	0
87	1	34	0
88	1	34	0
89	1	34	0
90	1	34	0
91	1	34	0
92	1	34	0
93	1	34	0
94	1	34	0
95	1	34	0
96	1	34	0
97	1	34	0
98	1	34	0
99	1	34	0
100	1	34	0
1	1	35	20
2	1	35	25
3	1	35	15
4	1	35	10
5	1	35	-10
6	1	35	5
7	1	35	4
8	1	35	3
9	1	35	2
10	1	35	1
11	1	35	6
12	1	35	12
13	1	35	17
14	1	35	23
15	1	35	24
16	1	35	19
17	1	35	14
18	1	35	900
19	1	35	800
20	1	35	9
21	1	35	800
22	1	35	1300
23	1	35	8
24	1	35	-9
25	1	35	-10
26	1	35	-15
27	1	35	-20
28	1	35	-25
29	1	35	-23
30	1	35	18
31	1	35	13
32	1	35	-17
33	1	35	22
34	1	35	21
35	1	35	16
36	1	35	-21
37	1	35	-12
38	1	35	11
39	1	35	-23
40	1	35	-19
41	1	35	-13
42	1	35	-12
43	1	35	7
44	1	35	-12
45	1	35	-11
46	1	35	-7
47	1	35	-1
48	1	35	-16
49	1	35	-21
50	1	35	-22
51	1	35	-23
52	1	35	-24
53	1	35	-25
54	1	35	-15
55	1	35	-9
56	1	35	-5
57	1	35	999
58	1	35	-14
59	1	35	0
60	1	35	0
61	1	35	0
62	1	35	0
63	1	35	0
64	1	35	0
65	1	35	0
66	1	35	0
67	1	35	0
68	1	35	0
69	1	35	0
70	1	35	0
71	1	35	0
72	1	35	0
73	1	35	0
74	1	35	0
75	1	35	0
76	1	35	0
77	1	35	0
78	1	35	0
79	1	35	0
80	1	35	0
81	1	35	0
82	1	35	0
83	1	35	0
84	1	35	0
85	1	35	0
86	1	35	0
87	1	35	0
88	1	35	0
89	1	35	0
90	1	35	0
91	1	35	0
92	1	35	0
93	1	35	0
94	1	35	0
95	1	35	0
96	1	35	0
97	1	35	0
98	1	35	0
99	1	35	0
100	1	35	0
1	1	36	19
2	1	36	14
3	1	36	9
4	1	36	10
5	1	36	5
6	1	36	4
7	1	36	3
8	1	36	2
9	1	36	7
10	1	36	8
11	1	36	-14
12	1	36	15
13	1	36	20
14	1	36	25
15	1	36	23
16	1	36	22
17	1	36	17
18	1	36	12
19	1	36	13
20	1	36	-7
21	1	36	6
22	1	36	1
23	1	36	11
24	1	36	16
25	1	36	-22
26	1	36	-23
27	1	36	-22
28	1	36	21
29	1	36	-22
30	1	36	-23
31	1	36	18
32	1	36	24
33	1	36	-14
34	1	36	-13
35	1	36	-4
36	1	36	-5
37	1	36	-2
38	1	36	-1
39	1	36	-6
40	1	36	-11
41	1	36	-16
42	1	36	-21
43	1	36	0
44	1	36	0
45	1	36	0
46	1	36	0
47	1	36	0
48	1	36	0
49	1	36	0
50	1	36	0
51	1	36	0
52	1	36	0
53	1	36	0
54	1	36	0
55	1	36	0
56	1	36	0
57	1	36	0
58	1	36	0
59	1	36	0
60	1	36	0
61	1	36	0
62	1	36	0
63	1	36	0
64	1	36	0
65	1	36	0
66	1	36	0
67	1	36	0
68	1	36	0
69	1	36	0
70	1	36	0
71	1	36	0
72	1	36	0
73	1	36	0
74	1	36	0
75	1	36	0
76	1	36	0
77	1	36	0
78	1	36	0
79	1	36	0
80	1	36	0
81	1	36	0
82	1	36	0
83	1	36	0
84	1	36	0
85	1	36	0
86	1	36	0
87	1	36	0
88	1	36	0
89	1	36	0
90	1	36	0
91	1	36	0
92	1	36	0
93	1	36	0
94	1	36	0
95	1	36	0
96	1	36	0
97	1	36	0
98	1	36	0
99	1	36	0
100	1	36	0
1	1	37	15
2	1	37	24
3	1	37	20
4	1	37	25
5	1	37	19
6	1	37	14
7	1	37	9
8	1	37	10
9	1	37	5
10	1	37	4
11	1	37	18
12	1	37	-24
13	1	37	23
14	1	37	17
15	1	37	13
16	1	37	8
17	1	37	-9
18	1	37	3
19	1	37	2
20	1	37	1
21	1	37	7
22	1	37	12
23	1	37	16
24	1	37	22
25	1	37	21
26	1	37	11
27	1	37	6
28	1	37	0
29	1	37	0
30	1	37	0
31	1	37	0
32	1	37	0
33	1	37	0
34	1	37	0
35	1	37	0
36	1	37	0
37	1	37	0
38	1	37	0
39	1	37	0
40	1	37	0
41	1	37	0
42	1	37	0
43	1	37	0
44	1	37	0
45	1	37	0
46	1	37	0
47	1	37	0
48	1	37	0
49	1	37	0
50	1	37	0
51	1	37	0
52	1	37	0
53	1	37	0
54	1	37	0
55	1	37	0
56	1	37	0
57	1	37	0
58	1	37	0
59	1	37	0
60	1	37	0
61	1	37	0
62	1	37	0
63	1	37	0
64	1	37	0
65	1	37	0
66	1	37	0
67	1	37	0
68	1	37	0
69	1	37	0
70	1	37	0
71	1	37	0
72	1	37	0
73	1	37	0
74	1	37	0
75	1	37	0
76	1	37	0
77	1	37	0
78	1	37	0
79	1	37	0
80	1	37	0
81	1	37	0
82	1	37	0
83	1	37	0
84	1	37	0
85	1	37	0
86	1	37	0
87	1	37	0
88	1	37	0
89	1	37	0
90	1	37	0
91	1	37	0
92	1	37	0
93	1	37	0
94	1	37	0
95	1	37	0
96	1	37	0
97	1	37	0
98	1	37	0
99	1	37	0
100	1	37	0
1	1	38	14
2	1	38	9
3	1	38	1000
4	1	38	15
5	1	38	10
6	1	38	5
7	1	38	4
8	1	38	3
9	1	38	2
10	1	38	1
11	1	38	24
12	1	38	25
13	1	38	19
14	1	38	18
15	1	38	13
16	1	38	8
17	1	38	-14
18	1	38	-15
19	1	38	20
20	1	38	-25
21	1	38	-24
22	1	38	23
23	1	38	22
24	1	38	17
25	1	38	12
26	1	38	16
27	1	38	11
28	1	38	6
29	1	38	7
30	1	38	-23
31	1	38	-24
32	1	38	-11
33	1	38	-7
34	1	38	-12
35	1	38	21
36	1	38	-21
37	1	38	-22
38	1	38	-19
39	1	38	-15
40	1	38	-10
41	1	38	-4
42	1	38	-3
43	1	38	0
44	1	38	0
45	1	38	0
46	1	38	0
47	1	38	0
48	1	38	0
49	1	38	0
50	1	38	0
51	1	38	0
52	1	38	0
53	1	38	0
54	1	38	0
55	1	38	0
56	1	38	0
57	1	38	0
58	1	38	0
59	1	38	0
60	1	38	0
61	1	38	0
62	1	38	0
63	1	38	0
64	1	38	0
65	1	38	0
66	1	38	0
67	1	38	0
68	1	38	0
69	1	38	0
70	1	38	0
71	1	38	0
72	1	38	0
73	1	38	0
74	1	38	0
75	1	38	0
76	1	38	0
77	1	38	0
78	1	38	0
79	1	38	0
80	1	38	0
81	1	38	0
82	1	38	0
83	1	38	0
84	1	38	0
85	1	38	0
86	1	38	0
87	1	38	0
88	1	38	0
89	1	38	0
90	1	38	0
91	1	38	0
92	1	38	0
93	1	38	0
94	1	38	0
95	1	38	0
96	1	38	0
97	1	38	0
98	1	38	0
99	1	38	0
100	1	38	0
1	1	39	2400
2	1	39	18
3	1	39	13
4	1	39	12
5	1	39	14
6	1	39	9
7	1	39	-18
8	1	39	800
9	1	39	-18
10	1	39	8
11	1	39	10
12	1	39	4
13	1	39	3
14	1	39	7
15	1	39	19
16	1	39	24
17	1	39	25
18	1	39	20
19	1	39	15
20	1	39	5
21	1	39	2
22	1	39	17
23	1	39	23
24	1	39	16
25	1	39	11
26	1	39	6
27	1	39	1
28	1	39	22
29	1	39	21
30	1	39	0
31	1	39	0
32	1	39	0
33	1	39	0
34	1	39	0
35	1	39	0
36	1	39	0
37	1	39	0
38	1	39	0
39	1	39	0
40	1	39	0
41	1	39	0
42	1	39	0
43	1	39	0
44	1	39	0
45	1	39	0
46	1	39	0
47	1	39	0
48	1	39	0
49	1	39	0
50	1	39	0
51	1	39	0
52	1	39	0
53	1	39	0
54	1	39	0
55	1	39	0
56	1	39	0
57	1	39	0
58	1	39	0
59	1	39	0
60	1	39	0
61	1	39	0
62	1	39	0
63	1	39	0
64	1	39	0
65	1	39	0
66	1	39	0
67	1	39	0
68	1	39	0
69	1	39	0
70	1	39	0
71	1	39	0
72	1	39	0
73	1	39	0
74	1	39	0
75	1	39	0
76	1	39	0
77	1	39	0
78	1	39	0
79	1	39	0
80	1	39	0
81	1	39	0
82	1	39	0
83	1	39	0
84	1	39	0
85	1	39	0
86	1	39	0
87	1	39	0
88	1	39	0
89	1	39	0
90	1	39	0
91	1	39	0
92	1	39	0
93	1	39	0
94	1	39	0
95	1	39	0
96	1	39	0
97	1	39	0
98	1	39	0
99	1	39	0
100	1	39	0
1	1	40	25
2	1	40	20
3	1	40	15
4	1	40	10
5	1	40	5
6	1	40	9
7	1	40	13
8	1	40	14
9	1	40	24
10	1	40	18
11	1	40	8
12	1	40	7
13	1	40	3
14	1	40	2
15	1	40	1
16	1	40	12
17	1	40	17
18	1	40	16
19	1	40	11
20	1	40	6
21	1	40	22
22	1	40	21
23	1	40	23
24	1	40	19
25	1	40	-24
26	1	40	-23
27	1	40	-3
28	1	40	4
29	1	40	0
30	1	40	0
31	1	40	0
32	1	40	0
33	1	40	0
34	1	40	0
35	1	40	0
36	1	40	0
37	1	40	0
38	1	40	0
39	1	40	0
40	1	40	0
41	1	40	0
42	1	40	0
43	1	40	0
44	1	40	0
45	1	40	0
46	1	40	0
47	1	40	0
48	1	40	0
49	1	40	0
50	1	40	0
51	1	40	0
52	1	40	0
53	1	40	0
54	1	40	0
55	1	40	0
56	1	40	0
57	1	40	0
58	1	40	0
59	1	40	0
60	1	40	0
61	1	40	0
62	1	40	0
63	1	40	0
64	1	40	0
65	1	40	0
66	1	40	0
67	1	40	0
68	1	40	0
69	1	40	0
70	1	40	0
71	1	40	0
72	1	40	0
73	1	40	0
74	1	40	0
75	1	40	0
76	1	40	0
77	1	40	0
78	1	40	0
79	1	40	0
80	1	40	0
81	1	40	0
82	1	40	0
83	1	40	0
84	1	40	0
85	1	40	0
86	1	40	0
87	1	40	0
88	1	40	0
89	1	40	0
90	1	40	0
91	1	40	0
92	1	40	0
93	1	40	0
94	1	40	0
95	1	40	0
96	1	40	0
97	1	40	0
98	1	40	0
99	1	40	0
100	1	40	0
1	1	41	23
2	1	41	24
3	1	41	25
4	1	41	20
5	1	41	19
6	1	41	14
7	1	41	900
8	1	41	4
9	1	41	-14
10	1	41	9
11	1	41	-24
12	1	41	-25
13	1	41	1500
14	1	41	10
15	1	41	15
16	1	41	-9
17	1	41	8
18	1	41	5
19	1	41	-4
20	1	41	3
21	1	41	12
22	1	41	7
23	1	41	22
24	1	41	17
25	1	41	16
26	1	41	-16
27	1	41	11
28	1	41	22
29	1	41	21
30	1	41	18
31	1	41	13
32	1	41	-12
33	1	41	-11
34	1	41	-7
35	1	41	2
36	1	41	-3
37	1	41	-9
38	1	41	-14
39	1	41	-19
40	1	41	-24
41	1	41	-25
42	1	41	-23
43	1	41	-22
44	1	41	-21
45	1	41	-11
46	1	41	6
47	1	41	1
48	1	41	-22
49	1	41	-18
50	1	41	-19
51	1	41	-15
52	1	41	-20
53	1	41	-25
54	1	41	999
55	1	41	-24
56	1	41	-25
57	1	41	-15
58	1	41	-14
59	1	41	-5
60	1	41	-4
61	1	41	-3
62	1	41	-8
63	1	41	-12
64	1	41	-11
65	1	41	-21
66	1	41	0
67	1	41	0
68	1	41	0
69	1	41	0
70	1	41	0
71	1	41	0
72	1	41	0
73	1	41	0
74	1	41	0
75	1	41	0
76	1	41	0
77	1	41	0
78	1	41	0
79	1	41	0
80	1	41	0
81	1	41	0
82	1	41	0
83	1	41	0
84	1	41	0
85	1	41	0
86	1	41	0
87	1	41	0
88	1	41	0
89	1	41	0
90	1	41	0
91	1	41	0
92	1	41	0
93	1	41	0
94	1	41	0
95	1	41	0
96	1	41	0
97	1	41	0
98	1	41	0
99	1	41	0
100	1	41	0
1	1	42	1900
2	1	42	18
3	1	42	14
4	1	42	9
5	1	42	24
6	1	42	19
7	1	42	13
8	1	42	8
9	1	42	7
10	1	42	11
11	1	42	-18
12	1	42	23
13	1	42	-24
14	1	42	25
15	1	42	20
16	1	42	15
17	1	42	10
18	1	42	4
19	1	42	3
20	1	42	2
21	1	42	6
22	1	42	12
23	1	42	17
24	1	42	16
25	1	42	2100
26	1	42	22
27	1	42	21
28	1	42	-24
29	1	42	-23
30	1	42	100
31	1	42	-3
32	1	42	1
33	1	42	5
34	1	42	0
35	1	42	0
36	1	42	0
37	1	42	0
38	1	42	0
39	1	42	0
40	1	42	0
41	1	42	0
42	1	42	0
43	1	42	0
44	1	42	0
45	1	42	0
46	1	42	0
47	1	42	0
48	1	42	0
49	1	42	0
50	1	42	0
51	1	42	0
52	1	42	0
53	1	42	0
54	1	42	0
55	1	42	0
56	1	42	0
57	1	42	0
58	1	42	0
59	1	42	0
60	1	42	0
61	1	42	0
62	1	42	0
63	1	42	0
64	1	42	0
65	1	42	0
66	1	42	0
67	1	42	0
68	1	42	0
69	1	42	0
70	1	42	0
71	1	42	0
72	1	42	0
73	1	42	0
74	1	42	0
75	1	42	0
76	1	42	0
77	1	42	0
78	1	42	0
79	1	42	0
80	1	42	0
81	1	42	0
82	1	42	0
83	1	42	0
84	1	42	0
85	1	42	0
86	1	42	0
87	1	42	0
88	1	42	0
89	1	42	0
90	1	42	0
91	1	42	0
92	1	42	0
93	1	42	0
94	1	42	0
95	1	42	0
96	1	42	0
97	1	42	0
98	1	42	0
99	1	42	0
100	1	42	0
1	1	43	5
2	1	43	4
3	1	43	2400
4	1	43	20
5	1	43	25
6	1	43	15
7	1	43	10
8	1	43	-4
9	1	43	3
10	1	43	23
11	1	43	24
12	1	43	19
13	1	43	14
14	1	43	9
15	1	43	8
16	1	43	7
17	1	43	2
18	1	43	1
19	1	43	11
20	1	43	17
21	1	43	12
22	1	43	6
23	1	43	-11
24	1	43	-17
25	1	43	16
26	1	43	22
27	1	43	2100
28	1	43	-22
29	1	43	-23
30	1	43	-24
31	1	43	-25
32	1	43	-15
33	1	43	-4
34	1	43	-3
35	1	43	-2
36	1	43	-1
37	1	43	-6
38	1	43	-7
39	1	43	-11
40	1	43	-16
41	1	43	2100
42	1	43	-22
43	1	43	999
44	1	43	13
45	1	43	-14
46	1	43	-15
47	1	43	-4
48	1	43	-5
49	1	43	-3
50	1	43	-8
51	1	43	-12
52	1	43	-11
53	1	43	-16
54	1	43	999
55	1	43	-22
56	1	43	-12
57	1	43	0
58	1	43	0
59	1	43	0
60	1	43	0
61	1	43	0
62	1	43	0
63	1	43	0
64	1	43	0
65	1	43	0
66	1	43	0
67	1	43	0
68	1	43	0
69	1	43	0
70	1	43	0
71	1	43	0
72	1	43	0
73	1	43	0
74	1	43	0
75	1	43	0
76	1	43	0
77	1	43	0
78	1	43	0
79	1	43	0
80	1	43	0
81	1	43	0
82	1	43	0
83	1	43	0
84	1	43	0
85	1	43	0
86	1	43	0
87	1	43	0
88	1	43	0
89	1	43	0
90	1	43	0
91	1	43	0
92	1	43	0
93	1	43	0
94	1	43	0
95	1	43	0
96	1	43	0
97	1	43	0
98	1	43	0
99	1	43	0
100	1	43	0
1	1	44	20
2	1	44	15
3	1	44	23
4	1	44	18
5	1	44	24
6	1	44	25
7	1	44	-15
8	1	44	10
9	1	44	-18
10	1	44	13
11	1	44	8
12	1	44	3
13	1	44	2
14	1	44	1
15	1	44	6
16	1	44	-23
17	1	44	-24
18	1	44	19
19	1	44	14
20	1	44	9
21	1	44	-15
22	1	44	5
23	1	44	4
24	1	44	-8
25	1	44	-9
26	1	44	-13
27	1	44	12
28	1	44	7
29	1	44	-6
30	1	44	16
31	1	44	11
32	1	44	21
33	1	44	-16
34	1	44	22
35	1	44	17
36	1	44	-21
37	1	44	-22
38	1	44	-23
39	1	44	-18
40	1	44	-19
41	1	44	-25
42	1	44	-10
43	1	44	-4
44	1	44	-5
45	1	44	-1
46	1	44	999
47	1	44	-23
48	1	44	-24
49	1	44	-13
50	1	44	-14
51	1	44	999
52	1	44	-9
53	1	44	0
54	1	44	0
55	1	44	0
56	1	44	0
57	1	44	0
58	1	44	0
59	1	44	0
60	1	44	0
61	1	44	0
62	1	44	0
63	1	44	0
64	1	44	0
65	1	44	0
66	1	44	0
67	1	44	0
68	1	44	0
69	1	44	0
70	1	44	0
71	1	44	0
72	1	44	0
73	1	44	0
74	1	44	0
75	1	44	0
76	1	44	0
77	1	44	0
78	1	44	0
79	1	44	0
80	1	44	0
81	1	44	0
82	1	44	0
83	1	44	0
84	1	44	0
85	1	44	0
86	1	44	0
87	1	44	0
88	1	44	0
89	1	44	0
90	1	44	0
91	1	44	0
92	1	44	0
93	1	44	0
94	1	44	0
95	1	44	0
96	1	44	0
97	1	44	0
98	1	44	0
99	1	44	0
100	1	44	0
1	1	45	24
2	1	45	20
3	1	45	14
4	1	45	9
5	1	45	4
6	1	45	3
7	1	45	2
8	1	45	7
9	1	45	12
10	1	45	99
11	1	45	25
12	1	45	10
13	1	45	19
14	1	45	18
15	1	45	13
16	1	45	8
17	1	45	23
18	1	45	17
19	1	45	22
20	1	45	16
21	1	45	11
22	1	45	6
23	1	45	1
24	1	45	-23
25	1	45	-22
26	1	45	21
27	1	45	-19
28	1	45	15
29	1	45	-9
30	1	45	5
31	1	45	0
32	1	45	0
33	1	45	0
34	1	45	0
35	1	45	0
36	1	45	0
37	1	45	0
38	1	45	0
39	1	45	0
40	1	45	0
41	1	45	0
42	1	45	0
43	1	45	0
44	1	45	0
45	1	45	0
46	1	45	0
47	1	45	0
48	1	45	0
49	1	45	0
50	1	45	0
51	1	45	0
52	1	45	0
53	1	45	0
54	1	45	0
55	1	45	0
56	1	45	0
57	1	45	0
58	1	45	0
59	1	45	0
60	1	45	0
61	1	45	0
62	1	45	0
63	1	45	0
64	1	45	0
65	1	45	0
66	1	45	0
67	1	45	0
68	1	45	0
69	1	45	0
70	1	45	0
71	1	45	0
72	1	45	0
73	1	45	0
74	1	45	0
75	1	45	0
76	1	45	0
77	1	45	0
78	1	45	0
79	1	45	0
80	1	45	0
81	1	45	0
82	1	45	0
83	1	45	0
84	1	45	0
85	1	45	0
86	1	45	0
87	1	45	0
88	1	45	0
89	1	45	0
90	1	45	0
91	1	45	0
92	1	45	0
93	1	45	0
94	1	45	0
95	1	45	0
96	1	45	0
97	1	45	0
98	1	45	0
99	1	45	0
100	1	45	0
1	2	1	5
2	2	1	8
3	2	1	3
4	2	1	1
5	2	1	2
6	2	1	4
7	2	1	9
8	2	1	7
9	2	1	16
10	2	1	6
11	2	1	99
12	2	1	5
13	2	1	10
14	2	1	14
15	2	1	13
16	2	1	11
17	2	1	12
18	2	1	21
19	2	1	23
20	2	1	18
21	2	1	15
22	2	1	20
23	2	1	25
24	2	1	2400
25	2	1	2200
26	2	1	17
27	2	1	22
28	2	1	24
29	2	1	-15
30	2	1	-20
31	2	1	19
32	2	1	-9
33	2	1	-10
34	2	1	-15
35	2	1	-14
36	2	1	-18
37	2	1	-17
38	2	1	-19
39	2	1	-25
40	2	1	-5
41	2	1	999
42	2	1	-7
43	2	1	-13
44	2	1	-12
45	2	1	0
46	2	1	0
47	2	1	0
48	2	1	0
49	2	1	0
50	2	1	0
51	2	1	0
52	2	1	0
53	2	1	0
54	2	1	0
55	2	1	0
56	2	1	0
57	2	1	0
58	2	1	0
59	2	1	0
60	2	1	0
61	2	1	0
62	2	1	0
63	2	1	0
64	2	1	0
65	2	1	0
66	2	1	0
67	2	1	0
68	2	1	0
69	2	1	0
70	2	1	0
71	2	1	0
72	2	1	0
73	2	1	0
74	2	1	0
75	2	1	0
76	2	1	0
77	2	1	0
78	2	1	0
79	2	1	0
80	2	1	0
81	2	1	0
82	2	1	0
83	2	1	0
84	2	1	0
85	2	1	0
86	2	1	0
87	2	1	0
88	2	1	0
89	2	1	0
90	2	1	0
91	2	1	0
92	2	1	0
93	2	1	0
94	2	1	0
95	2	1	0
96	2	1	0
97	2	1	0
98	2	1	0
99	2	1	0
100	2	1	0
1	2	2	8
2	2	2	3
3	2	2	5
4	2	2	15
5	2	2	25
6	2	2	12
7	2	2	6
8	2	2	11
9	2	2	21
10	2	2	-21
11	2	2	16
12	2	2	-6
13	2	2	7
14	2	2	1
15	2	2	-3
16	2	2	2
17	2	2	-1
18	2	2	-6
19	2	2	-7
20	2	2	-12
21	2	2	1300
22	2	2	-11
23	2	2	-16
24	2	2	14
25	2	2	-5
26	2	2	9
27	2	2	-8
28	2	2	-3
29	2	2	4
30	2	2	10
31	2	2	-5
32	2	2	-4
33	2	2	-3
34	2	2	-2
35	2	2	-9
36	2	2	-14
37	2	2	19
38	2	2	20
39	2	2	-25
40	2	2	24
41	2	2	-21
42	2	2	2200
43	2	2	23
44	2	2	-21
45	2	2	2200
46	2	2	17
47	2	2	22
48	2	2	-8
49	2	2	-7
50	2	2	-6
51	2	2	-8
52	2	2	-5
53	2	2	-4
54	2	2	-2
55	2	2	-3
56	2	2	-4
57	2	2	-15
58	2	2	-20
59	2	2	-25
60	2	2	-24
61	2	2	-23
62	2	2	18
63	2	2	-14
64	2	2	-15
65	2	2	-14
66	2	2	-15
67	2	2	-14
68	2	2	13
69	2	2	-8
70	2	2	-9
71	2	2	-14
72	2	2	-15
73	2	2	-18
74	2	2	-22
75	2	2	-21
76	2	2	-16
77	2	2	99
78	2	2	-1
79	2	2	-4
80	2	2	99
81	2	2	-5
82	2	2	-4
83	2	2	-10
84	2	2	-19
85	2	2	-23
86	2	2	-22
87	2	2	-24
88	2	2	999
89	2	2	-3
90	2	2	-4
91	2	2	-5
92	2	2	-20
93	2	2	-19
94	2	2	-14
95	2	2	-18
96	2	2	-19
97	2	2	-23
98	2	2	-24
99	2	2	-21
100	2	2	-16
1	2	3	8
2	2	3	3
3	2	3	1
4	2	3	5
5	2	3	12
6	2	3	11
7	2	3	7
8	2	3	1600
9	2	3	17
10	2	3	1600
11	2	3	21
12	2	3	16
13	2	3	600
14	2	3	-7
15	2	3	2
16	2	3	14
17	2	3	18
18	2	3	13
19	2	3	-11
20	2	3	1200
21	2	3	-13
22	2	3	-14
23	2	3	1500
24	2	3	9
25	2	3	-13
26	2	3	-9
27	2	3	4
28	2	3	15
29	2	3	10
30	2	3	-7
31	2	3	6
32	2	3	-16
33	2	3	-17
34	2	3	-21
35	2	3	2200
36	2	3	23
37	2	3	-17
38	2	3	2200
39	2	3	-23
40	2	3	19
41	2	3	-21
42	2	3	22
43	2	3	24
44	2	3	2500
45	2	3	20
46	2	3	25
47	2	3	-20
48	2	3	-19
49	2	3	-14
50	2	3	-18
51	2	3	-16
52	2	3	-21
53	2	3	-22
54	2	3	-23
55	2	3	-24
56	2	3	-25
57	2	3	-4
58	2	3	-5
59	2	3	-10
60	2	3	-6
61	2	3	-7
62	2	3	-8
63	2	3	-9
64	2	3	-18
65	2	3	-17
66	2	3	0
67	2	3	0
68	2	3	0
69	2	3	0
70	2	3	0
71	2	3	0
72	2	3	0
73	2	3	0
74	2	3	0
75	2	3	0
76	2	3	0
77	2	3	0
78	2	3	0
79	2	3	0
80	2	3	0
81	2	3	0
82	2	3	0
83	2	3	0
84	2	3	0
85	2	3	0
86	2	3	0
87	2	3	0
88	2	3	0
89	2	3	0
90	2	3	0
91	2	3	0
92	2	3	0
93	2	3	0
94	2	3	0
95	2	3	0
96	2	3	0
97	2	3	0
98	2	3	0
99	2	3	0
100	2	3	0
1	2	4	5
2	2	4	200
3	2	4	1
4	2	4	200
5	2	4	3
6	2	4	6
7	2	4	11
8	2	4	8
9	2	4	9
10	2	4	-5
11	2	4	4
12	2	4	15
13	2	4	10
14	2	4	20
15	2	4	19
16	2	4	-9
17	2	4	-15
18	2	4	14
19	2	4	-19
20	2	4	24
21	2	4	25
22	2	4	12
23	2	4	17
24	2	4	16
25	2	4	22
26	2	4	-19
27	2	4	18
28	2	4	-8
29	2	4	7
30	2	4	2
31	2	4	13
32	2	4	23
33	2	4	21
34	2	4	-10
35	2	4	0
36	2	4	0
37	2	4	0
38	2	4	0
39	2	4	0
40	2	4	0
41	2	4	0
42	2	4	0
43	2	4	0
44	2	4	0
45	2	4	0
46	2	4	0
47	2	4	0
48	2	4	0
49	2	4	0
50	2	4	0
51	2	4	0
52	2	4	0
53	2	4	0
54	2	4	0
55	2	4	0
56	2	4	0
57	2	4	0
58	2	4	0
59	2	4	0
60	2	4	0
61	2	4	0
62	2	4	0
63	2	4	0
64	2	4	0
65	2	4	0
66	2	4	0
67	2	4	0
68	2	4	0
69	2	4	0
70	2	4	0
71	2	4	0
72	2	4	0
73	2	4	0
74	2	4	0
75	2	4	0
76	2	4	0
77	2	4	0
78	2	4	0
79	2	4	0
80	2	4	0
81	2	4	0
82	2	4	0
83	2	4	0
84	2	4	0
85	2	4	0
86	2	4	0
87	2	4	0
88	2	4	0
89	2	4	0
90	2	4	0
91	2	4	0
92	2	4	0
93	2	4	0
94	2	4	0
95	2	4	0
96	2	4	0
97	2	4	0
98	2	4	0
99	2	4	0
100	2	4	0
1	2	5	8
2	2	5	9
3	2	5	10
4	2	5	19
5	2	5	700
6	2	5	6
7	2	5	1
8	2	5	2
9	2	5	3
10	2	5	16
11	2	5	-16
12	2	5	17
13	2	5	21
14	2	5	-17
15	2	5	12
16	2	5	-16
17	2	5	-17
18	2	5	2200
19	2	5	-21
20	2	5	22
21	2	5	-9
22	2	5	-10
23	2	5	5
24	2	5	20
25	2	5	25
26	2	5	24
27	2	5	2300
28	2	5	-22
29	2	5	-21
30	2	5	-16
31	2	5	7
32	2	5	-1
33	2	5	-2
34	2	5	-3
35	2	5	4
36	2	5	14
37	2	5	13
38	2	5	-6
39	2	5	1100
40	2	5	-12
41	2	5	1100
42	2	5	-6
43	2	5	-7
44	2	5	-8
45	2	5	-9
46	2	5	-10
47	2	5	15
48	2	5	-9
49	2	5	-10
50	2	5	-14
51	2	5	1800
52	2	5	-17
53	2	5	18
54	2	5	-24
55	2	5	-19
56	2	5	-24
57	2	5	-25
58	2	5	-20
59	2	5	-25
60	2	5	-24
61	2	5	-20
62	2	5	-15
63	2	5	-14
64	2	5	-9
65	2	5	-10
66	2	5	-8
67	2	5	-7
68	2	5	-8
69	2	5	11
70	2	5	-21
71	2	5	-22
72	2	5	-13
73	2	5	-8
74	2	5	-3
75	2	5	999
76	2	5	-12
77	2	5	-11
78	2	5	-7
79	2	5	-13
80	2	5	-22
81	2	5	-21
82	2	5	-14
83	2	5	-13
84	2	5	-12
85	2	5	-9
86	2	5	-10
87	2	5	-15
88	2	5	-20
89	2	5	-19
90	2	5	0
91	2	5	0
92	2	5	0
93	2	5	0
94	2	5	0
95	2	5	0
96	2	5	0
97	2	5	0
98	2	5	0
99	2	5	0
100	2	5	0
1	2	6	3
2	2	6	5
3	2	6	9
4	2	6	7
5	2	6	6
6	2	6	8
7	2	6	12
8	2	6	2
9	2	6	1
10	2	6	11
11	2	6	16
12	2	6	14
13	2	6	15
14	2	6	4
15	2	6	1000
16	2	6	-14
17	2	6	-8
18	2	6	-12
19	2	6	13
20	2	6	17
21	2	6	99
22	2	6	18
23	2	6	19
24	2	6	20
25	2	6	25
26	2	6	23
27	2	6	22
28	2	6	24
29	2	6	21
30	2	6	10
31	2	6	-8
32	2	6	-4
33	2	6	-5
34	2	6	-10
35	2	6	-15
36	2	6	999
37	2	6	-10
38	2	6	-9
39	2	6	0
40	2	6	0
41	2	6	0
42	2	6	0
43	2	6	0
44	2	6	0
45	2	6	0
46	2	6	0
47	2	6	0
48	2	6	0
49	2	6	0
50	2	6	0
51	2	6	0
52	2	6	0
53	2	6	0
54	2	6	0
55	2	6	0
56	2	6	0
57	2	6	0
58	2	6	0
59	2	6	0
60	2	6	0
61	2	6	0
62	2	6	0
63	2	6	0
64	2	6	0
65	2	6	0
66	2	6	0
67	2	6	0
68	2	6	0
69	2	6	0
70	2	6	0
71	2	6	0
72	2	6	0
73	2	6	0
74	2	6	0
75	2	6	0
76	2	6	0
77	2	6	0
78	2	6	0
79	2	6	0
80	2	6	0
81	2	6	0
82	2	6	0
83	2	6	0
84	2	6	0
85	2	6	0
86	2	6	0
87	2	6	0
88	2	6	0
89	2	6	0
90	2	6	0
91	2	6	0
92	2	6	0
93	2	6	0
94	2	6	0
95	2	6	0
96	2	6	0
97	2	6	0
98	2	6	0
99	2	6	0
100	2	6	0
1	2	7	9
2	2	7	8
3	2	7	3
4	2	7	1
5	2	7	2
6	2	7	-9
7	2	7	10
8	2	7	15
9	2	7	25
10	2	7	20
11	2	7	1200
12	2	7	13
13	2	7	12
14	2	7	2
15	2	7	-3
16	2	7	4
17	2	7	5
18	2	7	18
19	2	7	19
20	2	7	-20
21	2	7	-25
22	2	7	2400
23	2	7	2300
24	2	7	2200
25	2	7	17
26	2	7	16
27	2	7	2100
28	2	7	2300
29	2	7	2400
30	2	7	23
31	2	7	21
32	2	7	11
33	2	7	-12
34	2	7	-19
35	2	7	-18
36	2	7	-17
37	2	7	2200
38	2	7	-23
39	2	7	22
40	2	7	-2
41	2	7	-1
42	2	7	-2
43	2	7	-3
44	2	7	-4
45	2	7	-10
46	2	7	-9
47	2	7	-13
48	2	7	1400
49	2	7	-15
50	2	7	14
51	2	7	-20
52	2	7	-25
53	2	7	2400
54	2	7	-23
55	2	7	-22
56	2	7	-21
57	2	7	24
58	2	7	-2
59	2	7	-3
60	2	7	-4
61	2	7	-5
62	2	7	-10
63	2	7	7
64	2	7	-6
65	2	7	-11
66	2	7	-16
67	2	7	-17
68	2	7	-21
69	2	7	-22
70	2	7	-23
71	2	7	-24
72	2	7	-25
73	2	7	999
74	2	7	-9
75	2	7	-8
76	2	7	-7
77	2	7	-11
78	2	7	-12
79	2	7	-16
80	2	7	-17
81	2	7	-18
82	2	7	-19
83	2	7	-15
84	2	7	99
85	2	7	-2
86	2	7	-1
87	2	7	-3
88	2	7	0
89	2	7	0
90	2	7	0
91	2	7	0
92	2	7	0
93	2	7	0
94	2	7	0
95	2	7	0
96	2	7	0
97	2	7	0
98	2	7	0
99	2	7	0
100	2	7	0
1	2	8	7
2	2	8	4
3	2	8	5
4	2	8	10
5	2	8	1400
6	2	8	13
7	2	8	100
8	2	8	2
9	2	8	1
10	2	8	3
11	2	8	-5
12	2	8	9
13	2	8	20
14	2	8	99
15	2	8	1100
16	2	8	-7
17	2	8	11
18	2	8	-9
19	2	8	1500
20	2	8	1900
21	2	8	18
22	2	8	15
23	2	8	-20
24	2	8	24
25	2	8	25
26	2	8	17
27	2	8	1200
28	2	8	-13
29	2	8	8
30	2	8	12
31	2	8	6
32	2	8	-1
33	2	8	-2
34	2	8	-3
35	2	8	-4
36	2	8	-10
37	2	8	-12
38	2	8	-11
39	2	8	16
40	2	8	22
41	2	8	21
42	2	8	99
43	2	8	-24
44	2	8	-25
45	2	8	-22
46	2	8	-21
47	2	8	-16
48	2	8	-17
49	2	8	999
50	2	8	-8
51	2	8	-7
52	2	8	-3
53	2	8	-5
54	2	8	14
55	2	8	-18
56	2	8	-17
57	2	8	-16
58	2	8	-22
59	2	8	23
60	2	8	99
61	2	8	-14
62	2	8	-20
63	2	8	19
64	2	8	0
65	2	8	0
66	2	8	0
67	2	8	0
68	2	8	0
69	2	8	0
70	2	8	0
71	2	8	0
72	2	8	0
73	2	8	0
74	2	8	0
75	2	8	0
76	2	8	0
77	2	8	0
78	2	8	0
79	2	8	0
80	2	8	0
81	2	8	0
82	2	8	0
83	2	8	0
84	2	8	0
85	2	8	0
86	2	8	0
87	2	8	0
88	2	8	0
89	2	8	0
90	2	8	0
91	2	8	0
92	2	8	0
93	2	8	0
94	2	8	0
95	2	8	0
96	2	8	0
97	2	8	0
98	2	8	0
99	2	8	0
100	2	8	0
1	2	9	7
2	2	9	9
3	2	9	99
4	2	9	-7
5	2	9	6
6	2	9	1
7	2	9	2
8	2	9	3
9	2	9	4
10	2	9	10
11	2	9	5
12	2	9	15
13	2	9	999
14	2	9	-4
15	2	9	-3
16	2	9	-2
17	2	9	-1
18	2	9	-6
19	2	9	11
20	2	9	21
21	2	9	2200
22	2	9	17
23	2	9	22
24	2	9	14
25	2	9	-15
26	2	9	20
27	2	9	25
28	2	9	24
29	2	9	12
30	2	9	16
31	2	9	-21
32	2	9	-22
33	2	9	18
34	2	9	13
35	2	9	8
36	2	9	-3
37	2	9	-4
38	2	9	-5
39	2	9	-10
40	2	9	-14
41	2	9	-18
42	2	9	-17
43	2	9	-16
44	2	9	-11
45	2	9	-12
46	2	9	-14
47	2	9	19
48	2	9	-24
49	2	9	-25
50	2	9	-10
51	2	9	-4
52	2	9	-5
53	2	9	-2
54	2	9	-3
55	2	9	-7
56	2	9	0
57	2	9	0
58	2	9	0
59	2	9	0
60	2	9	0
61	2	9	0
62	2	9	0
63	2	9	0
64	2	9	0
65	2	9	0
66	2	9	0
67	2	9	0
68	2	9	0
69	2	9	0
70	2	9	0
71	2	9	0
72	2	9	0
73	2	9	0
74	2	9	0
75	2	9	0
76	2	9	0
77	2	9	0
78	2	9	0
79	2	9	0
80	2	9	0
81	2	9	0
82	2	9	0
83	2	9	0
84	2	9	0
85	2	9	0
86	2	9	0
87	2	9	0
88	2	9	0
89	2	9	0
90	2	9	0
91	2	9	0
92	2	9	0
93	2	9	0
94	2	9	0
95	2	9	0
96	2	9	0
97	2	9	0
98	2	9	0
99	2	9	0
100	2	9	0
1	2	10	4
2	2	10	3
3	2	10	14
4	2	10	10
5	2	10	19
6	2	10	9
7	2	10	2
8	2	10	1
9	2	10	11
10	2	10	6
11	2	10	7
12	2	10	8
13	2	10	12
14	2	10	16
15	2	10	17
16	2	10	15
17	2	10	13
18	2	10	18
19	2	10	23
20	2	10	20
21	2	10	5
22	2	10	25
23	2	10	24
24	2	10	22
25	2	10	21
26	2	10	-6
27	2	10	-2
28	2	10	-9
29	2	10	-19
30	2	10	0
31	2	10	0
32	2	10	0
33	2	10	0
34	2	10	0
35	2	10	0
36	2	10	0
37	2	10	0
38	2	10	0
39	2	10	0
40	2	10	0
41	2	10	0
42	2	10	0
43	2	10	0
44	2	10	0
45	2	10	0
46	2	10	0
47	2	10	0
48	2	10	0
49	2	10	0
50	2	10	0
51	2	10	0
52	2	10	0
53	2	10	0
54	2	10	0
55	2	10	0
56	2	10	0
57	2	10	0
58	2	10	0
59	2	10	0
60	2	10	0
61	2	10	0
62	2	10	0
63	2	10	0
64	2	10	0
65	2	10	0
66	2	10	0
67	2	10	0
68	2	10	0
69	2	10	0
70	2	10	0
71	2	10	0
72	2	10	0
73	2	10	0
74	2	10	0
75	2	10	0
76	2	10	0
77	2	10	0
78	2	10	0
79	2	10	0
80	2	10	0
81	2	10	0
82	2	10	0
83	2	10	0
84	2	10	0
85	2	10	0
86	2	10	0
87	2	10	0
88	2	10	0
89	2	10	0
90	2	10	0
91	2	10	0
92	2	10	0
93	2	10	0
94	2	10	0
95	2	10	0
96	2	10	0
97	2	10	0
98	2	10	0
99	2	10	0
100	2	10	0
1	2	11	9
2	2	11	10
3	2	11	5
4	2	11	-5
5	2	11	-10
6	2	11	3
7	2	11	2
8	2	11	1
9	2	11	6
10	2	11	13
11	2	11	14
12	2	11	15
13	2	11	25
14	2	11	20
15	2	11	-25
16	2	11	24
17	2	11	1700
18	2	11	16
19	2	11	22
20	2	11	12
21	2	11	-3
22	2	11	-2
23	2	11	-6
24	2	11	7
25	2	11	11
26	2	11	-22
27	2	11	21
28	2	11	-22
29	2	11	23
30	2	11	-25
31	2	11	-24
32	2	11	-19
33	2	11	-5
34	2	11	4
35	2	11	-15
36	2	11	-20
37	2	11	-13
38	2	11	17
39	2	11	-21
40	2	11	-16
41	2	11	-17
42	2	11	-22
43	2	11	-23
44	2	11	18
45	2	11	-9
46	2	11	-10
47	2	11	-9
48	2	11	-15
49	2	11	-20
50	2	11	-19
51	2	11	-18
52	2	11	-17
53	2	11	-16
54	2	11	-22
55	2	11	-23
56	2	11	-3
57	2	11	-2
58	2	11	-1
59	2	11	0
60	2	11	0
61	2	11	0
62	2	11	0
63	2	11	0
64	2	11	0
65	2	11	0
66	2	11	0
67	2	11	0
68	2	11	0
69	2	11	0
70	2	11	0
71	2	11	0
72	2	11	0
73	2	11	0
74	2	11	0
75	2	11	0
76	2	11	0
77	2	11	0
78	2	11	0
79	2	11	0
80	2	11	0
81	2	11	0
82	2	11	0
83	2	11	0
84	2	11	0
85	2	11	0
86	2	11	0
87	2	11	0
88	2	11	0
89	2	11	0
90	2	11	0
91	2	11	0
92	2	11	0
93	2	11	0
94	2	11	0
95	2	11	0
96	2	11	0
97	2	11	0
98	2	11	0
99	2	11	0
100	2	11	0
1	2	12	8
2	2	12	2
3	2	12	4
4	2	12	15
5	2	12	9
6	2	12	7
7	2	12	11
8	2	12	17
9	2	12	1800
10	2	12	13
11	2	12	99
12	2	12	12
13	2	12	6
14	2	12	10
15	2	12	5
16	2	12	20
17	2	12	19
18	2	12	14
19	2	12	25
20	2	12	2400
21	2	12	18
22	2	12	16
23	2	12	21
24	2	12	22
25	2	12	23
26	2	12	24
27	2	12	3
28	2	12	1
29	2	12	-5
30	2	12	-8
31	2	12	-10
32	2	12	0
33	2	12	0
34	2	12	0
35	2	12	0
36	2	12	0
37	2	12	0
38	2	12	0
39	2	12	0
40	2	12	0
41	2	12	0
42	2	12	0
43	2	12	0
44	2	12	0
45	2	12	0
46	2	12	0
47	2	12	0
48	2	12	0
49	2	12	0
50	2	12	0
51	2	12	0
52	2	12	0
53	2	12	0
54	2	12	0
55	2	12	0
56	2	12	0
57	2	12	0
58	2	12	0
59	2	12	0
60	2	12	0
61	2	12	0
62	2	12	0
63	2	12	0
64	2	12	0
65	2	12	0
66	2	12	0
67	2	12	0
68	2	12	0
69	2	12	0
70	2	12	0
71	2	12	0
72	2	12	0
73	2	12	0
74	2	12	0
75	2	12	0
76	2	12	0
77	2	12	0
78	2	12	0
79	2	12	0
80	2	12	0
81	2	12	0
82	2	12	0
83	2	12	0
84	2	12	0
85	2	12	0
86	2	12	0
87	2	12	0
88	2	12	0
89	2	12	0
90	2	12	0
91	2	12	0
92	2	12	0
93	2	12	0
94	2	12	0
95	2	12	0
96	2	12	0
97	2	12	0
98	2	12	0
99	2	12	0
100	2	12	0
1	2	13	3
2	2	13	5
3	2	13	4
4	2	13	1
5	2	13	6
6	2	13	1600
7	2	13	17
8	2	13	12
9	2	13	11
10	2	13	2100
11	2	13	16
12	2	13	18
13	2	13	15
14	2	13	20
15	2	13	99
16	2	13	2500
17	2	13	24
18	2	13	25
19	2	13	13
20	2	13	-4
21	2	13	-3
22	2	13	99
23	2	13	-1
24	2	13	2
25	2	13	-11
26	2	13	-12
27	2	13	-16
28	2	13	-17
29	2	13	-18
30	2	13	19
31	2	13	21
32	2	13	14
33	2	13	-15
34	2	13	-20
35	2	13	-25
36	2	13	-24
37	2	13	23
38	2	13	2200
39	2	13	-21
40	2	13	22
41	2	13	7
42	2	13	-6
43	2	13	-11
44	2	13	-12
45	2	13	800
46	2	13	9
47	2	13	8
48	2	13	-16
49	2	13	-17
50	2	13	-18
51	2	13	-23
52	2	13	-9
53	2	13	10
54	2	13	-5
55	2	13	-10
56	2	13	-15
57	2	13	-14
58	2	13	-13
59	2	13	-3
60	2	13	-1
61	2	13	-2
62	2	13	-6
63	2	13	-7
64	2	13	-11
65	2	13	-17
66	2	13	-18
67	2	13	99
68	2	13	-5
69	2	13	-10
70	2	13	-9
71	2	13	-8
72	2	13	-14
73	2	13	-19
74	2	13	999
75	2	13	-1
76	2	13	-2
77	2	13	-3
78	2	13	-4
79	2	13	-5
80	2	13	-10
81	2	13	0
82	2	13	0
83	2	13	0
84	2	13	0
85	2	13	0
86	2	13	0
87	2	13	0
88	2	13	0
89	2	13	0
90	2	13	0
91	2	13	0
92	2	13	0
93	2	13	0
94	2	13	0
95	2	13	0
96	2	13	0
97	2	13	0
98	2	13	0
99	2	13	0
100	2	13	0
1	2	14	7
2	2	14	6
3	2	14	1100
4	2	14	16
5	2	14	1
6	2	14	3
7	2	14	10
8	2	14	5
9	2	14	-3
10	2	14	4
11	2	14	19
12	2	14	17
13	2	14	11
14	2	14	21
15	2	14	22
16	2	14	24
17	2	14	14
18	2	14	-10
19	2	14	15
20	2	14	2500
21	2	14	-24
22	2	14	23
23	2	14	18
24	2	14	13
25	2	14	-11
26	2	14	12
27	2	14	-21
28	2	14	-22
29	2	14	-22
30	2	14	-23
31	2	14	-24
32	2	14	25
33	2	14	9
34	2	14	-5
35	2	14	-10
36	2	14	-15
37	2	14	20
38	2	14	-7
39	2	14	8
40	2	14	-1
41	2	14	2
42	2	14	-16
43	2	14	-17
44	2	14	-18
45	2	14	-19
46	2	14	-20
47	2	14	99
48	2	14	-16
49	2	14	-17
50	2	14	-18
51	2	14	-3
52	2	14	-4
53	2	14	-5
54	2	14	-2
55	2	14	-6
56	2	14	-7
57	2	14	-11
58	2	14	-12
59	2	14	-14
60	2	14	999
61	2	14	-1
62	2	14	-2
63	2	14	-3
64	2	14	-4
65	2	14	-5
66	2	14	-8
67	2	14	-7
68	2	14	-6
69	2	14	-21
70	2	14	-22
71	2	14	-23
72	2	14	-24
73	2	14	-25
74	2	14	0
75	2	14	0
76	2	14	0
77	2	14	0
78	2	14	0
79	2	14	0
80	2	14	0
81	2	14	0
82	2	14	0
83	2	14	0
84	2	14	0
85	2	14	0
86	2	14	0
87	2	14	0
88	2	14	0
89	2	14	0
90	2	14	0
91	2	14	0
92	2	14	0
93	2	14	0
94	2	14	0
95	2	14	0
96	2	14	0
97	2	14	0
98	2	14	0
99	2	14	0
100	2	14	0
1	2	15	8
2	2	15	10
3	2	15	5
4	2	15	100
5	2	15	2
6	2	15	100
7	2	15	-2
8	2	15	3
9	2	15	1
10	2	15	11
11	2	15	99
12	2	15	2400
13	2	15	2300
14	2	15	22
15	2	15	2500
16	2	15	20
17	2	15	25
18	2	15	99
19	2	15	-2
20	2	15	-3
21	2	15	-5
22	2	15	-2
23	2	15	-3
24	2	15	-1
25	2	15	6
26	2	15	16
27	2	15	2100
28	2	15	-22
29	2	15	23
30	2	15	-6
31	2	15	-16
32	2	15	17
33	2	15	9
34	2	15	-10
35	2	15	15
36	2	15	-20
37	2	15	19
38	2	15	-25
39	2	15	20
40	2	15	-25
41	2	15	-24
42	2	15	-23
43	2	15	-22
44	2	15	21
45	2	15	-8
46	2	15	-9
47	2	15	-10
48	2	15	-15
49	2	15	14
50	2	15	0
51	2	15	0
52	2	15	0
53	2	15	0
54	2	15	0
55	2	15	0
56	2	15	0
57	2	15	0
58	2	15	0
59	2	15	0
60	2	15	0
61	2	15	0
62	2	15	0
63	2	15	0
64	2	15	0
65	2	15	0
66	2	15	0
67	2	15	0
68	2	15	0
69	2	15	0
70	2	15	0
71	2	15	0
72	2	15	0
73	2	15	0
74	2	15	0
75	2	15	0
76	2	15	0
77	2	15	0
78	2	15	0
79	2	15	0
80	2	15	0
81	2	15	0
82	2	15	0
83	2	15	0
84	2	15	0
85	2	15	0
86	2	15	0
87	2	15	0
88	2	15	0
89	2	15	0
90	2	15	0
91	2	15	0
92	2	15	0
93	2	15	0
94	2	15	0
95	2	15	0
96	2	15	0
97	2	15	0
98	2	15	0
99	2	15	0
100	2	15	0
1	2	16	6
2	2	16	10
3	2	16	400
4	2	16	5
5	2	16	9
6	2	16	3
7	2	16	4
8	2	16	20
9	2	16	15
10	2	16	14
11	2	16	800
12	2	16	200
13	2	16	8
14	2	16	7
15	2	16	99
16	2	16	2
17	2	16	1
18	2	16	12
19	2	16	13
20	2	16	19
21	2	16	24
22	2	16	17
23	2	16	18
24	2	16	16
25	2	16	-17
26	2	16	-18
27	2	16	11
28	2	16	21
29	2	16	22
30	2	16	23
31	2	16	25
32	2	16	0
33	2	16	0
34	2	16	0
35	2	16	0
36	2	16	0
37	2	16	0
38	2	16	0
39	2	16	0
40	2	16	0
41	2	16	0
42	2	16	0
43	2	16	0
44	2	16	0
45	2	16	0
46	2	16	0
47	2	16	0
48	2	16	0
49	2	16	0
50	2	16	0
51	2	16	0
52	2	16	0
53	2	16	0
54	2	16	0
55	2	16	0
56	2	16	0
57	2	16	0
58	2	16	0
59	2	16	0
60	2	16	0
61	2	16	0
62	2	16	0
63	2	16	0
64	2	16	0
65	2	16	0
66	2	16	0
67	2	16	0
68	2	16	0
69	2	16	0
70	2	16	0
71	2	16	0
72	2	16	0
73	2	16	0
74	2	16	0
75	2	16	0
76	2	16	0
77	2	16	0
78	2	16	0
79	2	16	0
80	2	16	0
81	2	16	0
82	2	16	0
83	2	16	0
84	2	16	0
85	2	16	0
86	2	16	0
87	2	16	0
88	2	16	0
89	2	16	0
90	2	16	0
91	2	16	0
92	2	16	0
93	2	16	0
94	2	16	0
95	2	16	0
96	2	16	0
97	2	16	0
98	2	16	0
99	2	16	0
100	2	16	0
1	2	17	3
2	2	17	7
3	2	17	6
4	2	17	2
5	2	17	4
6	2	17	5
7	2	17	15
8	2	17	10
9	2	17	9
10	2	17	99
11	2	17	12
12	2	17	13
13	2	17	8
14	2	17	11
15	2	17	16
16	2	17	19
17	2	17	14
18	2	17	999
19	2	17	18
20	2	17	20
21	2	17	25
22	2	17	24
23	2	17	23
24	2	17	17
25	2	17	22
26	2	17	21
27	2	17	1
28	2	17	-10
29	2	17	0
30	2	17	0
31	2	17	0
32	2	17	0
33	2	17	0
34	2	17	0
35	2	17	0
36	2	17	0
37	2	17	0
38	2	17	0
39	2	17	0
40	2	17	0
41	2	17	0
42	2	17	0
43	2	17	0
44	2	17	0
45	2	17	0
46	2	17	0
47	2	17	0
48	2	17	0
49	2	17	0
50	2	17	0
51	2	17	0
52	2	17	0
53	2	17	0
54	2	17	0
55	2	17	0
56	2	17	0
57	2	17	0
58	2	17	0
59	2	17	0
60	2	17	0
61	2	17	0
62	2	17	0
63	2	17	0
64	2	17	0
65	2	17	0
66	2	17	0
67	2	17	0
68	2	17	0
69	2	17	0
70	2	17	0
71	2	17	0
72	2	17	0
73	2	17	0
74	2	17	0
75	2	17	0
76	2	17	0
77	2	17	0
78	2	17	0
79	2	17	0
80	2	17	0
81	2	17	0
82	2	17	0
83	2	17	0
84	2	17	0
85	2	17	0
86	2	17	0
87	2	17	0
88	2	17	0
89	2	17	0
90	2	17	0
91	2	17	0
92	2	17	0
93	2	17	0
94	2	17	0
95	2	17	0
96	2	17	0
97	2	17	0
98	2	17	0
99	2	17	0
100	2	17	0
1	2	18	8
2	2	18	4
3	2	18	3
4	2	18	7
5	2	18	99
6	2	18	-8
7	2	18	9
8	2	18	2
9	2	18	1
10	2	18	12
11	2	18	18
12	2	18	13
13	2	18	14
14	2	18	-7
15	2	18	6
16	2	18	11
17	2	18	22
18	2	18	17
19	2	18	21
20	2	18	19
21	2	18	15
22	2	18	20
23	2	18	10
24	2	18	5
25	2	18	23
26	2	18	25
27	2	18	24
28	2	18	0
29	2	18	0
30	2	18	0
31	2	18	0
32	2	18	0
33	2	18	0
34	2	18	0
35	2	18	0
36	2	18	0
37	2	18	0
38	2	18	0
39	2	18	0
40	2	18	0
41	2	18	0
42	2	18	0
43	2	18	0
44	2	18	0
45	2	18	0
46	2	18	0
47	2	18	0
48	2	18	0
49	2	18	0
50	2	18	0
51	2	18	0
52	2	18	0
53	2	18	0
54	2	18	0
55	2	18	0
56	2	18	0
57	2	18	0
58	2	18	0
59	2	18	0
60	2	18	0
61	2	18	0
62	2	18	0
63	2	18	0
64	2	18	0
65	2	18	0
66	2	18	0
67	2	18	0
68	2	18	0
69	2	18	0
70	2	18	0
71	2	18	0
72	2	18	0
73	2	18	0
74	2	18	0
75	2	18	0
76	2	18	0
77	2	18	0
78	2	18	0
79	2	18	0
80	2	18	0
81	2	18	0
82	2	18	0
83	2	18	0
84	2	18	0
85	2	18	0
86	2	18	0
87	2	18	0
88	2	18	0
89	2	18	0
90	2	18	0
91	2	18	0
92	2	18	0
93	2	18	0
94	2	18	0
95	2	18	0
96	2	18	0
97	2	18	0
98	2	18	0
99	2	18	0
100	2	18	0
1	2	19	2
2	2	19	4
3	2	19	5
4	2	19	6
5	2	19	8
6	2	19	3
7	2	19	1
8	2	19	13
9	2	19	18
10	2	19	9
11	2	19	24
12	2	19	14
13	2	19	10
14	2	19	15
15	2	19	20
16	2	19	19
17	2	19	25
18	2	19	23
19	2	19	17
20	2	19	21
21	2	19	12
22	2	19	7
23	2	19	11
24	2	19	16
25	2	19	2200
26	2	19	-24
27	2	19	22
28	2	19	0
29	2	19	0
30	2	19	0
31	2	19	0
32	2	19	0
33	2	19	0
34	2	19	0
35	2	19	0
36	2	19	0
37	2	19	0
38	2	19	0
39	2	19	0
40	2	19	0
41	2	19	0
42	2	19	0
43	2	19	0
44	2	19	0
45	2	19	0
46	2	19	0
47	2	19	0
48	2	19	0
49	2	19	0
50	2	19	0
51	2	19	0
52	2	19	0
53	2	19	0
54	2	19	0
55	2	19	0
56	2	19	0
57	2	19	0
58	2	19	0
59	2	19	0
60	2	19	0
61	2	19	0
62	2	19	0
63	2	19	0
64	2	19	0
65	2	19	0
66	2	19	0
67	2	19	0
68	2	19	0
69	2	19	0
70	2	19	0
71	2	19	0
72	2	19	0
73	2	19	0
74	2	19	0
75	2	19	0
76	2	19	0
77	2	19	0
78	2	19	0
79	2	19	0
80	2	19	0
81	2	19	0
82	2	19	0
83	2	19	0
84	2	19	0
85	2	19	0
86	2	19	0
87	2	19	0
88	2	19	0
89	2	19	0
90	2	19	0
91	2	19	0
92	2	19	0
93	2	19	0
94	2	19	0
95	2	19	0
96	2	19	0
97	2	19	0
98	2	19	0
99	2	19	0
100	2	19	0
1	2	20	7
2	2	20	4
3	2	20	9
4	2	20	15
5	2	20	14
6	2	20	8
7	2	20	6
8	2	20	12
9	2	20	13
10	2	20	25
11	2	20	24
12	2	20	10
13	2	20	5
14	2	20	1
15	2	20	11
16	2	20	99
17	2	20	17
18	2	20	16
19	2	20	21
20	2	20	18
21	2	20	23
22	2	20	22
23	2	20	19
24	2	20	-24
25	2	20	-25
26	2	20	-24
27	2	20	3
28	2	20	2
29	2	20	999
30	2	20	-16
31	2	20	-12
32	2	20	-8
33	2	20	-9
34	2	20	0
35	2	20	0
36	2	20	0
37	2	20	0
38	2	20	0
39	2	20	0
40	2	20	0
41	2	20	0
42	2	20	0
43	2	20	0
44	2	20	0
45	2	20	0
46	2	20	0
47	2	20	0
48	2	20	0
49	2	20	0
50	2	20	0
51	2	20	0
52	2	20	0
53	2	20	0
54	2	20	0
55	2	20	0
56	2	20	0
57	2	20	0
58	2	20	0
59	2	20	0
60	2	20	0
61	2	20	0
62	2	20	0
63	2	20	0
64	2	20	0
65	2	20	0
66	2	20	0
67	2	20	0
68	2	20	0
69	2	20	0
70	2	20	0
71	2	20	0
72	2	20	0
73	2	20	0
74	2	20	0
75	2	20	0
76	2	20	0
77	2	20	0
78	2	20	0
79	2	20	0
80	2	20	0
81	2	20	0
82	2	20	0
83	2	20	0
84	2	20	0
85	2	20	0
86	2	20	0
87	2	20	0
88	2	20	0
89	2	20	0
90	2	20	0
91	2	20	0
92	2	20	0
93	2	20	0
94	2	20	0
95	2	20	0
96	2	20	0
97	2	20	0
98	2	20	0
99	2	20	0
100	2	20	0
1	2	21	8
2	2	21	2
3	2	21	100
4	2	21	-2
5	2	21	300
6	2	21	4
7	2	21	-4
8	2	21	-8
9	2	21	300
10	2	21	700
11	2	21	600
12	2	21	1
13	2	21	18
14	2	21	19
15	2	21	15
16	2	21	20
17	2	21	10
18	2	21	24
19	2	21	1100
20	2	21	12
21	2	21	11
22	2	21	2100
23	2	21	22
24	2	21	17
25	2	21	21
26	2	21	2200
27	2	21	23
28	2	21	13
29	2	21	14
30	2	21	9
31	2	21	-10
32	2	21	15
33	2	21	-14
34	2	21	-15
35	2	21	-19
36	2	21	-20
37	2	21	-18
38	2	21	-24
39	2	21	25
40	2	21	-22
41	2	21	-23
42	2	21	-21
43	2	21	-22
44	2	21	-17
45	2	21	-18
46	2	21	-19
47	2	21	-20
48	2	21	-2
49	2	21	3
50	2	21	7
51	2	21	-3
52	2	21	-4
53	2	21	5
54	2	21	-8
55	2	21	-9
56	2	21	-14
57	2	21	-13
58	2	21	-12
59	2	21	-11
60	2	21	16
61	2	21	600
62	2	21	-7
63	2	21	-8
64	2	21	-9
65	2	21	-10
66	2	21	-15
67	2	21	-14
68	2	21	-13
69	2	21	-7
70	2	21	6
71	2	21	-2
72	2	21	-3
73	2	21	-18
74	2	21	-19
75	2	21	-23
76	2	21	999
77	2	21	-8
78	2	21	-9
79	2	21	-10
80	2	21	0
81	2	21	0
82	2	21	0
83	2	21	0
84	2	21	0
85	2	21	0
86	2	21	0
87	2	21	0
88	2	21	0
89	2	21	0
90	2	21	0
91	2	21	0
92	2	21	0
93	2	21	0
94	2	21	0
95	2	21	0
96	2	21	0
97	2	21	0
98	2	21	0
99	2	21	0
100	2	21	0
1	2	22	7
2	2	22	3
3	2	22	5
4	2	22	-7
5	2	22	8
6	2	22	1
7	2	22	600
8	2	22	-7
9	2	22	-8
10	2	22	9
11	2	22	1600
12	2	22	17
13	2	22	16
14	2	22	12
15	2	22	600
16	2	22	-7
17	2	22	6
18	2	22	2100
19	2	22	22
20	2	22	21
21	2	22	1800
22	2	22	19
23	2	22	18
24	2	22	-17
25	2	22	-22
26	2	22	2300
27	2	22	-22
28	2	22	23
29	2	22	20
30	2	22	24
31	2	22	-12
32	2	22	-16
33	2	22	-17
34	2	22	-21
35	2	22	-22
36	2	22	-23
37	2	22	-24
38	2	22	25
39	2	22	15
40	2	22	4
41	2	22	-9
42	2	22	10
43	2	22	-5
44	2	22	-10
45	2	22	-9
46	2	22	14
47	2	22	-12
48	2	22	13
49	2	22	-18
50	2	22	-24
51	2	22	-25
52	2	22	-19
53	2	22	-18
54	2	22	-22
55	2	22	-21
56	2	22	-12
57	2	22	-13
58	2	22	-14
59	2	22	-3
60	2	22	-4
61	2	22	-5
62	2	22	-10
63	2	22	-1
64	2	22	2
65	2	22	-3
66	2	22	-4
67	2	22	-1
68	2	22	-6
69	2	22	-2
70	2	22	-16
71	2	22	11
72	2	22	-17
73	2	22	-18
74	2	22	-19
75	2	22	-20
76	2	22	-25
77	2	22	-24
78	2	22	-23
79	2	22	-22
80	2	22	999
81	2	22	-2
82	2	22	-3
83	2	22	-1
84	2	22	-6
85	2	22	0
86	2	22	0
87	2	22	0
88	2	22	0
89	2	22	0
90	2	22	0
91	2	22	0
92	2	22	0
93	2	22	0
94	2	22	0
95	2	22	0
96	2	22	0
97	2	22	0
98	2	22	0
99	2	22	0
100	2	22	0
1	2	23	8
2	2	23	900
3	2	23	10
4	2	23	1200
5	2	23	13
6	2	23	600
7	2	23	7
8	2	23	6
9	2	23	1
10	2	23	200
11	2	23	3
12	2	23	4
13	2	23	5
14	2	23	-10
15	2	23	15
16	2	23	19
17	2	23	1200
18	2	23	-13
19	2	23	14
20	2	23	99
21	2	23	1100
22	2	23	1200
23	2	23	-8
24	2	23	9
25	2	23	99
26	2	23	-9
27	2	23	-10
28	2	23	-15
29	2	23	-14
30	2	23	2000
31	2	23	-19
32	2	23	1800
33	2	23	24
34	2	23	20
35	2	23	18
36	2	23	1100
37	2	23	12
38	2	23	2100
39	2	23	22
40	2	23	1600
41	2	23	17
42	2	23	-6
43	2	23	-7
44	2	23	-9
45	2	23	-1
46	2	23	2
47	2	23	11
48	2	23	1600
49	2	23	2100
50	2	23	16
51	2	23	-22
52	2	23	23
53	2	23	21
54	2	23	-7
55	2	23	-7
56	2	23	-8
57	2	23	-9
58	2	23	-10
59	2	23	-15
60	2	23	-14
61	2	23	-13
62	2	23	-19
63	2	23	-18
64	2	23	-17
65	2	23	-23
66	2	23	-22
67	2	23	25
68	2	23	-24
69	2	23	-23
70	2	23	-19
71	2	23	-25
72	2	23	999
73	2	23	-13
74	2	23	-14
75	2	23	-3
76	2	23	-4
77	2	23	-5
78	2	23	-2
79	2	23	-3
80	2	23	-1
81	2	23	-2
82	2	23	-3
83	2	23	0
84	2	23	0
85	2	23	0
86	2	23	0
87	2	23	0
88	2	23	0
89	2	23	0
90	2	23	0
91	2	23	0
92	2	23	0
93	2	23	0
94	2	23	0
95	2	23	0
96	2	23	0
97	2	23	0
98	2	23	0
99	2	23	0
100	2	23	0
1	2	24	7
2	2	24	8
3	2	24	1
4	2	24	2
5	2	24	4
6	2	24	5
7	2	24	600
8	2	24	-7
9	2	24	6
10	2	24	-1
11	2	24	-2
12	2	24	3
13	2	24	13
14	2	24	12
15	2	24	16
16	2	24	21
17	2	24	11
18	2	24	-6
19	2	24	-7
20	2	24	-12
21	2	24	-13
22	2	24	14
23	2	24	10
24	2	24	-5
25	2	24	-4
26	2	24	-5
27	2	24	1500
28	2	24	19
29	2	24	15
30	2	24	-10
31	2	24	9
32	2	24	20
33	2	24	-19
34	2	24	18
35	2	24	-16
36	2	24	-21
37	2	24	22
38	2	24	23
39	2	24	24
40	2	24	-20
41	2	24	25
42	2	24	-8
43	2	24	-9
44	2	24	-10
45	2	24	-5
46	2	24	-3
47	2	24	-1
48	2	24	-2
49	2	24	-3
50	2	24	-16
51	2	24	-21
52	2	24	0
53	2	24	0
54	2	24	0
55	2	24	0
56	2	24	0
57	2	24	0
58	2	24	0
59	2	24	0
60	2	24	0
61	2	24	0
62	2	24	0
63	2	24	0
64	2	24	0
65	2	24	0
66	2	24	0
67	2	24	0
68	2	24	0
69	2	24	0
70	2	24	0
71	2	24	0
72	2	24	0
73	2	24	0
74	2	24	0
75	2	24	0
76	2	24	0
77	2	24	0
78	2	24	0
79	2	24	0
80	2	24	0
81	2	24	0
82	2	24	0
83	2	24	0
84	2	24	0
85	2	24	0
86	2	24	0
87	2	24	0
88	2	24	0
89	2	24	0
90	2	24	0
91	2	24	0
92	2	24	0
93	2	24	0
94	2	24	0
95	2	24	0
96	2	24	0
97	2	24	0
98	2	24	0
99	2	24	0
100	2	24	0
1	2	25	7
2	2	25	9
3	2	25	500
4	2	25	3
5	2	25	1
6	2	25	2
7	2	25	8
8	2	25	14
9	2	25	15
10	2	25	20
11	2	25	19
12	2	25	18
13	2	25	13
14	2	25	17
15	2	25	2100
16	2	25	16
17	2	25	21
18	2	25	22
19	2	25	23
20	2	25	24
21	2	25	12
22	2	25	6
23	2	25	11
24	2	25	25
25	2	25	999
26	2	25	4
27	2	25	5
28	2	25	10
29	2	25	-5
30	2	25	-3
31	2	25	-7
32	2	25	0
33	2	25	0
34	2	25	0
35	2	25	0
36	2	25	0
37	2	25	0
38	2	25	0
39	2	25	0
40	2	25	0
41	2	25	0
42	2	25	0
43	2	25	0
44	2	25	0
45	2	25	0
46	2	25	0
47	2	25	0
48	2	25	0
49	2	25	0
50	2	25	0
51	2	25	0
52	2	25	0
53	2	25	0
54	2	25	0
55	2	25	0
56	2	25	0
57	2	25	0
58	2	25	0
59	2	25	0
60	2	25	0
61	2	25	0
62	2	25	0
63	2	25	0
64	2	25	0
65	2	25	0
66	2	25	0
67	2	25	0
68	2	25	0
69	2	25	0
70	2	25	0
71	2	25	0
72	2	25	0
73	2	25	0
74	2	25	0
75	2	25	0
76	2	25	0
77	2	25	0
78	2	25	0
79	2	25	0
80	2	25	0
81	2	25	0
82	2	25	0
83	2	25	0
84	2	25	0
85	2	25	0
86	2	25	0
87	2	25	0
88	2	25	0
89	2	25	0
90	2	25	0
91	2	25	0
92	2	25	0
93	2	25	0
94	2	25	0
95	2	25	0
96	2	25	0
97	2	25	0
98	2	25	0
99	2	25	0
100	2	25	0
1	2	26	10
2	2	26	5
3	2	26	4
4	2	26	800
5	2	26	3
6	2	26	9
7	2	26	2
8	2	26	1
9	2	26	11
10	2	26	6
11	2	26	8
12	2	26	7
13	2	26	14
14	2	26	15
15	2	26	20
16	2	26	99
17	2	26	25
18	2	26	19
19	2	26	23
20	2	26	18
21	2	26	13
22	2	26	12
23	2	26	17
24	2	26	22
25	2	26	21
26	2	26	16
27	2	26	24
28	2	26	-4
29	2	26	-3
30	2	26	-1
31	2	26	-2
32	2	26	-3
33	2	26	0
34	2	26	0
35	2	26	0
36	2	26	0
37	2	26	0
38	2	26	0
39	2	26	0
40	2	26	0
41	2	26	0
42	2	26	0
43	2	26	0
44	2	26	0
45	2	26	0
46	2	26	0
47	2	26	0
48	2	26	0
49	2	26	0
50	2	26	0
51	2	26	0
52	2	26	0
53	2	26	0
54	2	26	0
55	2	26	0
56	2	26	0
57	2	26	0
58	2	26	0
59	2	26	0
60	2	26	0
61	2	26	0
62	2	26	0
63	2	26	0
64	2	26	0
65	2	26	0
66	2	26	0
67	2	26	0
68	2	26	0
69	2	26	0
70	2	26	0
71	2	26	0
72	2	26	0
73	2	26	0
74	2	26	0
75	2	26	0
76	2	26	0
77	2	26	0
78	2	26	0
79	2	26	0
80	2	26	0
81	2	26	0
82	2	26	0
83	2	26	0
84	2	26	0
85	2	26	0
86	2	26	0
87	2	26	0
88	2	26	0
89	2	26	0
90	2	26	0
91	2	26	0
92	2	26	0
93	2	26	0
94	2	26	0
95	2	26	0
96	2	26	0
97	2	26	0
98	2	26	0
99	2	26	0
100	2	26	0
1	2	27	3
2	2	27	200
3	2	27	8
4	2	27	99
5	2	27	6
6	2	27	9
7	2	27	10
8	2	27	4
9	2	27	12
10	2	27	13
11	2	27	14
12	2	27	7
13	2	27	1
14	2	27	2
15	2	27	11
16	2	27	17
17	2	27	16
18	2	27	99
19	2	27	-17
20	2	27	18
21	2	27	21
22	2	27	22
23	2	27	19
24	2	27	15
25	2	27	5
26	2	27	20
27	2	27	25
28	2	27	99
29	2	27	24
30	2	27	2300
31	2	27	-18
32	2	27	23
33	2	27	-2
34	2	27	-3
35	2	27	-4
36	2	27	-5
37	2	27	-4
38	2	27	0
39	2	27	0
40	2	27	0
41	2	27	0
42	2	27	0
43	2	27	0
44	2	27	0
45	2	27	0
46	2	27	0
47	2	27	0
48	2	27	0
49	2	27	0
50	2	27	0
51	2	27	0
52	2	27	0
53	2	27	0
54	2	27	0
55	2	27	0
56	2	27	0
57	2	27	0
58	2	27	0
59	2	27	0
60	2	27	0
61	2	27	0
62	2	27	0
63	2	27	0
64	2	27	0
65	2	27	0
66	2	27	0
67	2	27	0
68	2	27	0
69	2	27	0
70	2	27	0
71	2	27	0
72	2	27	0
73	2	27	0
74	2	27	0
75	2	27	0
76	2	27	0
77	2	27	0
78	2	27	0
79	2	27	0
80	2	27	0
81	2	27	0
82	2	27	0
83	2	27	0
84	2	27	0
85	2	27	0
86	2	27	0
87	2	27	0
88	2	27	0
89	2	27	0
90	2	27	0
91	2	27	0
92	2	27	0
93	2	27	0
94	2	27	0
95	2	27	0
96	2	27	0
97	2	27	0
98	2	27	0
99	2	27	0
100	2	27	0
1	2	28	8
2	2	28	5
3	2	28	100
4	2	28	2
5	2	28	1
6	2	28	400
7	2	28	-5
8	2	28	4
9	2	28	-8
10	2	28	14
11	2	28	-14
12	2	28	15
13	2	28	600
14	2	28	7
15	2	28	6
16	2	28	-2
17	2	28	3
18	2	28	1700
19	2	28	18
20	2	28	2100
21	2	28	17
22	2	28	1600
23	2	28	-17
24	2	28	-18
25	2	28	19
26	2	28	13
27	2	28	1600
28	2	28	-17
29	2	28	16
30	2	28	-6
31	2	28	-7
32	2	28	-8
33	2	28	10
34	2	28	20
35	2	28	25
36	2	28	24
37	2	28	2300
38	2	28	22
39	2	28	21
40	2	28	-17
41	2	28	-18
42	2	28	-24
43	2	28	-25
44	2	28	-20
45	2	28	-19
46	2	28	-22
47	2	28	-23
48	2	28	-16
49	2	28	-21
50	2	28	-22
51	2	28	-14
52	2	28	-15
53	2	28	-2
54	2	28	-3
55	2	28	-4
56	2	28	999
57	2	28	-3
58	2	28	-4
59	2	28	-8
60	2	28	9
61	2	28	-15
62	2	28	-20
63	2	28	-19
64	2	28	-23
65	2	28	-24
66	2	28	0
67	2	28	0
68	2	28	0
69	2	28	0
70	2	28	0
71	2	28	0
72	2	28	0
73	2	28	0
74	2	28	0
75	2	28	0
76	2	28	0
77	2	28	0
78	2	28	0
79	2	28	0
80	2	28	0
81	2	28	0
82	2	28	0
83	2	28	0
84	2	28	0
85	2	28	0
86	2	28	0
87	2	28	0
88	2	28	0
89	2	28	0
90	2	28	0
91	2	28	0
92	2	28	0
93	2	28	0
94	2	28	0
95	2	28	0
96	2	28	0
97	2	28	0
98	2	28	0
99	2	28	0
100	2	28	0
1	2	29	600
2	2	29	7
3	2	29	3
4	2	29	100
5	2	29	2
6	2	29	1
7	2	29	1100
8	2	29	6
9	2	29	-1
10	2	29	-2
11	2	29	300
12	2	29	4
13	2	29	9
14	2	29	10
15	2	29	15
16	2	29	-10
17	2	29	-4
18	2	29	5
19	2	29	1600
20	2	29	1700
21	2	29	12
22	2	29	17
23	2	29	16
24	2	29	21
25	2	29	2200
26	2	29	23
27	2	29	1800
28	2	29	19
29	2	29	13
30	2	29	-12
31	2	29	1100
32	2	29	-7
33	2	29	8
34	2	29	11
35	2	29	-16
36	2	29	-17
37	2	29	-21
38	2	29	2200
39	2	29	-23
40	2	29	-19
41	2	29	20
42	2	29	-19
43	2	29	1800
44	2	29	-12
45	2	29	-11
46	2	29	-12
47	2	29	18
48	2	29	-20
49	2	29	-15
50	2	29	-10
51	2	29	-15
52	2	29	-19
53	2	29	-18
54	2	29	2400
55	2	29	-23
56	2	29	22
57	2	29	24
58	2	29	25
59	2	29	-11
60	2	29	-12
61	2	29	-16
62	2	29	-22
63	2	29	-21
64	2	29	-22
65	2	29	-23
66	2	29	-24
67	2	29	-19
68	2	29	-20
69	2	29	14
70	2	29	-2
71	2	29	-3
72	2	29	-4
73	2	29	-5
74	2	29	-10
75	2	29	-9
76	2	29	-14
77	2	29	-6
78	2	29	-2
79	2	29	0
80	2	29	0
81	2	29	0
82	2	29	0
83	2	29	0
84	2	29	0
85	2	29	0
86	2	29	0
87	2	29	0
88	2	29	0
89	2	29	0
90	2	29	0
91	2	29	0
92	2	29	0
93	2	29	0
94	2	29	0
95	2	29	0
96	2	29	0
97	2	29	0
98	2	29	0
99	2	29	0
100	2	29	0
1	2	30	12
2	2	30	3
3	2	30	8
4	2	30	6
5	2	30	100
6	2	30	2
7	2	30	7
8	2	30	1
9	2	30	11
10	2	30	19
11	2	30	13
12	2	30	14
13	2	30	900
14	2	30	4
15	2	30	20
16	2	30	18
17	2	30	-19
18	2	30	-14
19	2	30	9
20	2	30	15
21	2	30	10
22	2	30	17
23	2	30	16
24	2	30	22
25	2	30	21
26	2	30	24
27	2	30	23
28	2	30	25
29	2	30	999
30	2	30	-2
31	2	30	-3
32	2	30	-4
33	2	30	-8
34	2	30	-7
35	2	30	-6
36	2	30	-11
37	2	30	0
38	2	30	0
39	2	30	0
40	2	30	0
41	2	30	0
42	2	30	0
43	2	30	0
44	2	30	0
45	2	30	0
46	2	30	0
47	2	30	0
48	2	30	0
49	2	30	0
50	2	30	0
51	2	30	0
52	2	30	0
53	2	30	0
54	2	30	0
55	2	30	0
56	2	30	0
57	2	30	0
58	2	30	0
59	2	30	0
60	2	30	0
61	2	30	0
62	2	30	0
63	2	30	0
64	2	30	0
65	2	30	0
66	2	30	0
67	2	30	0
68	2	30	0
69	2	30	0
70	2	30	0
71	2	30	0
72	2	30	0
73	2	30	0
74	2	30	0
75	2	30	0
76	2	30	0
77	2	30	0
78	2	30	0
79	2	30	0
80	2	30	0
81	2	30	0
82	2	30	0
83	2	30	0
84	2	30	0
85	2	30	0
86	2	30	0
87	2	30	0
88	2	30	0
89	2	30	0
90	2	30	0
91	2	30	0
92	2	30	0
93	2	30	0
94	2	30	0
95	2	30	0
96	2	30	0
97	2	30	0
98	2	30	0
99	2	30	0
100	2	30	0
1	2	31	2
2	2	31	-2
3	2	31	1
4	2	31	9
5	2	31	24
6	2	31	12
7	2	31	7
8	2	31	8
9	2	31	3
10	2	31	4
11	2	31	5
12	2	31	6
13	2	31	11
14	2	31	16
15	2	31	21
16	2	31	17
17	2	31	22
18	2	31	18
19	2	31	13
20	2	31	-9
21	2	31	14
22	2	31	19
23	2	31	-13
24	2	31	20
25	2	31	15
26	2	31	23
27	2	31	25
28	2	31	999
29	2	31	10
30	2	31	-17
31	2	31	-18
32	2	31	-19
33	2	31	-22
34	2	31	999
35	2	31	-4
36	2	31	-5
37	2	31	-2
38	2	31	0
39	2	31	0
40	2	31	0
41	2	31	0
42	2	31	0
43	2	31	0
44	2	31	0
45	2	31	0
46	2	31	0
47	2	31	0
48	2	31	0
49	2	31	0
50	2	31	0
51	2	31	0
52	2	31	0
53	2	31	0
54	2	31	0
55	2	31	0
56	2	31	0
57	2	31	0
58	2	31	0
59	2	31	0
60	2	31	0
61	2	31	0
62	2	31	0
63	2	31	0
64	2	31	0
65	2	31	0
66	2	31	0
67	2	31	0
68	2	31	0
69	2	31	0
70	2	31	0
71	2	31	0
72	2	31	0
73	2	31	0
74	2	31	0
75	2	31	0
76	2	31	0
77	2	31	0
78	2	31	0
79	2	31	0
80	2	31	0
81	2	31	0
82	2	31	0
83	2	31	0
84	2	31	0
85	2	31	0
86	2	31	0
87	2	31	0
88	2	31	0
89	2	31	0
90	2	31	0
91	2	31	0
92	2	31	0
93	2	31	0
94	2	31	0
95	2	31	0
96	2	31	0
97	2	31	0
98	2	31	0
99	2	31	0
100	2	31	0
1	2	32	400
2	2	32	5
3	2	32	10
4	2	32	15
5	2	32	8
6	2	32	100
7	2	32	2
8	2	32	1
9	2	32	6
10	2	32	99
11	2	32	14
12	2	32	19
13	2	32	18
14	2	32	11
15	2	32	7
16	2	32	13
17	2	32	12
18	2	32	17
19	2	32	16
20	2	32	21
21	2	32	24
22	2	32	22
23	2	32	20
24	2	32	25
25	2	32	23
26	2	32	9
27	2	32	4
28	2	32	-5
29	2	32	-10
30	2	32	-14
31	2	32	-15
32	2	32	-2
33	2	32	-3
34	2	32	-4
35	2	32	-7
36	2	32	0
37	2	32	0
38	2	32	0
39	2	32	0
40	2	32	0
41	2	32	0
42	2	32	0
43	2	32	0
44	2	32	0
45	2	32	0
46	2	32	0
47	2	32	0
48	2	32	0
49	2	32	0
50	2	32	0
51	2	32	0
52	2	32	0
53	2	32	0
54	2	32	0
55	2	32	0
56	2	32	0
57	2	32	0
58	2	32	0
59	2	32	0
60	2	32	0
61	2	32	0
62	2	32	0
63	2	32	0
64	2	32	0
65	2	32	0
66	2	32	0
67	2	32	0
68	2	32	0
69	2	32	0
70	2	32	0
71	2	32	0
72	2	32	0
73	2	32	0
74	2	32	0
75	2	32	0
76	2	32	0
77	2	32	0
78	2	32	0
79	2	32	0
80	2	32	0
81	2	32	0
82	2	32	0
83	2	32	0
84	2	32	0
85	2	32	0
86	2	32	0
87	2	32	0
88	2	32	0
89	2	32	0
90	2	32	0
91	2	32	0
92	2	32	0
93	2	32	0
94	2	32	0
95	2	32	0
96	2	32	0
97	2	32	0
98	2	32	0
99	2	32	0
100	2	32	0
1	2	33	7
2	2	33	4
3	2	33	9
4	2	33	15
5	2	33	14
6	2	33	8
7	2	33	6
8	2	33	12
9	2	33	13
10	2	33	25
11	2	33	20
12	2	33	10
13	2	33	5
14	2	33	1
15	2	33	11
16	2	33	17
17	2	33	16
18	2	33	21
19	2	33	18
20	2	33	23
21	2	33	22
22	2	33	19
23	2	33	24
24	2	33	-25
25	2	33	-24
26	2	33	3
27	2	33	2
28	2	33	999
29	2	33	-16
30	2	33	-12
31	2	33	-13
32	2	33	-8
33	2	33	-9
34	2	33	0
35	2	33	0
36	2	33	0
37	2	33	0
38	2	33	0
39	2	33	0
40	2	33	0
41	2	33	0
42	2	33	0
43	2	33	0
44	2	33	0
45	2	33	0
46	2	33	0
47	2	33	0
48	2	33	0
49	2	33	0
50	2	33	0
51	2	33	0
52	2	33	0
53	2	33	0
54	2	33	0
55	2	33	0
56	2	33	0
57	2	33	0
58	2	33	0
59	2	33	0
60	2	33	0
61	2	33	0
62	2	33	0
63	2	33	0
64	2	33	0
65	2	33	0
66	2	33	0
67	2	33	0
68	2	33	0
69	2	33	0
70	2	33	0
71	2	33	0
72	2	33	0
73	2	33	0
74	2	33	0
75	2	33	0
76	2	33	0
77	2	33	0
78	2	33	0
79	2	33	0
80	2	33	0
81	2	33	0
82	2	33	0
83	2	33	0
84	2	33	0
85	2	33	0
86	2	33	0
87	2	33	0
88	2	33	0
89	2	33	0
90	2	33	0
91	2	33	0
92	2	33	0
93	2	33	0
94	2	33	0
95	2	33	0
96	2	33	0
97	2	33	0
98	2	33	0
99	2	33	0
100	2	33	0
1	2	34	4
2	2	34	10
3	2	34	2
4	2	34	3
5	2	34	1
6	2	34	7
7	2	34	6
8	2	34	12
9	2	34	11
10	2	34	13
11	2	34	8
12	2	34	9
13	2	34	18
14	2	34	16
15	2	34	17
16	2	34	22
17	2	34	23
18	2	34	21
19	2	34	15
20	2	34	14
21	2	34	5
22	2	34	20
23	2	34	25
24	2	34	19
25	2	34	24
26	2	34	0
27	2	34	0
28	2	34	0
29	2	34	0
30	2	34	0
31	2	34	0
32	2	34	0
33	2	34	0
34	2	34	0
35	2	34	0
36	2	34	0
37	2	34	0
38	2	34	0
39	2	34	0
40	2	34	0
41	2	34	0
42	2	34	0
43	2	34	0
44	2	34	0
45	2	34	0
46	2	34	0
47	2	34	0
48	2	34	0
49	2	34	0
50	2	34	0
51	2	34	0
52	2	34	0
53	2	34	0
54	2	34	0
55	2	34	0
56	2	34	0
57	2	34	0
58	2	34	0
59	2	34	0
60	2	34	0
61	2	34	0
62	2	34	0
63	2	34	0
64	2	34	0
65	2	34	0
66	2	34	0
67	2	34	0
68	2	34	0
69	2	34	0
70	2	34	0
71	2	34	0
72	2	34	0
73	2	34	0
74	2	34	0
75	2	34	0
76	2	34	0
77	2	34	0
78	2	34	0
79	2	34	0
80	2	34	0
81	2	34	0
82	2	34	0
83	2	34	0
84	2	34	0
85	2	34	0
86	2	34	0
87	2	34	0
88	2	34	0
89	2	34	0
90	2	34	0
91	2	34	0
92	2	34	0
93	2	34	0
94	2	34	0
95	2	34	0
96	2	34	0
97	2	34	0
98	2	34	0
99	2	34	0
100	2	34	0
1	2	35	8
2	2	35	99
3	2	35	100
4	2	35	2
5	2	35	4
6	2	35	13
7	2	35	14
8	2	35	15
9	2	35	5
10	2	35	10
11	2	35	-15
12	2	35	20
13	2	35	25
14	2	35	23
15	2	35	-20
16	2	35	19
17	2	35	1100
18	2	35	12
19	2	35	7
20	2	35	-2
21	2	35	3
22	2	35	1100
23	2	35	-12
24	2	35	-14
25	2	35	-13
26	2	35	-8
27	2	35	900
28	2	35	-10
29	2	35	9
30	2	35	-3
31	2	35	-4
32	2	35	-5
33	2	35	6
34	2	35	1600
35	2	35	17
36	2	35	2100
37	2	35	2200
38	2	35	24
39	2	35	2200
40	2	35	2100
41	2	35	1600
42	2	35	-17
43	2	35	11
44	2	35	-17
45	2	35	18
46	2	35	21
47	2	35	1600
48	2	35	-17
49	2	35	16
50	2	35	-11
51	2	35	-12
52	2	35	-13
53	2	35	-14
54	2	35	-15
55	2	35	-20
56	2	35	-19
57	2	35	-18
58	2	35	-17
59	2	35	2200
60	2	35	-23
61	2	35	22
62	2	35	-24
63	2	35	-23
64	2	35	-25
65	2	35	-24
66	2	35	-3
67	2	35	-4
68	2	35	-2
69	2	35	1
70	2	35	-11
71	2	35	-16
72	2	35	-5
73	2	35	-10
74	2	35	-9
75	2	35	-4
76	2	35	0
77	2	35	0
78	2	35	0
79	2	35	0
80	2	35	0
81	2	35	0
82	2	35	0
83	2	35	0
84	2	35	0
85	2	35	0
86	2	35	0
87	2	35	0
88	2	35	0
89	2	35	0
90	2	35	0
91	2	35	0
92	2	35	0
93	2	35	0
94	2	35	0
95	2	35	0
96	2	35	0
97	2	35	0
98	2	35	0
99	2	35	0
100	2	35	0
1	2	36	2
2	2	36	3
3	2	36	5
4	2	36	4
5	2	36	1300
6	2	36	14
7	2	36	1600
8	2	36	17
9	2	36	13
10	2	36	7
11	2	36	600
12	2	36	-7
13	2	36	8
14	2	36	900
15	2	36	10
16	2	36	1600
17	2	36	-17
18	2	36	18
19	2	36	-14
20	2	36	15
21	2	36	16
22	2	36	-8
23	2	36	9
24	2	36	600
25	2	36	-7
26	2	36	6
27	2	36	1
28	2	36	-2
29	2	36	-3
30	2	36	-7
31	2	36	1100
32	2	36	12
33	2	36	-17
34	2	36	-16
35	2	36	2100
36	2	36	2200
37	2	36	2300
38	2	36	19
39	2	36	23
40	2	36	22
41	2	36	21
42	2	36	-16
43	2	36	-17
44	2	36	-18
45	2	36	-22
46	2	36	-21
47	2	36	-22
48	2	36	-21
49	2	36	-23
50	2	36	25
51	2	36	-3
52	2	36	-4
53	2	36	-5
54	2	36	-9
55	2	36	-8
56	2	36	11
57	2	36	999
58	2	36	-9
59	2	36	-10
60	2	36	-14
61	2	36	-19
62	2	36	20
63	2	36	-25
64	2	36	24
65	2	36	-7
66	2	36	-11
67	2	36	-12
68	2	36	-16
69	2	36	-17
70	2	36	-21
71	2	36	-22
72	2	36	-23
73	2	36	-19
74	2	36	-20
75	2	36	-25
76	2	36	-24
77	2	36	0
78	2	36	0
79	2	36	0
80	2	36	0
81	2	36	0
82	2	36	0
83	2	36	0
84	2	36	0
85	2	36	0
86	2	36	0
87	2	36	0
88	2	36	0
89	2	36	0
90	2	36	0
91	2	36	0
92	2	36	0
93	2	36	0
94	2	36	0
95	2	36	0
96	2	36	0
97	2	36	0
98	2	36	0
99	2	36	0
100	2	36	0
1	2	37	2
2	2	37	4
3	2	37	1
4	2	37	7
5	2	37	13
6	2	37	14
7	2	37	-13
8	2	37	8
9	2	37	10
10	2	37	9
11	2	37	20
12	2	37	15
13	2	37	5
14	2	37	6
15	2	37	1100
16	2	37	12
17	2	37	23
18	2	37	18
19	2	37	17
20	2	37	-17
21	2	37	16
22	2	37	22
23	2	37	21
24	2	37	11
25	2	37	-10
26	2	37	-14
27	2	37	-13
28	2	37	-8
29	2	37	3
30	2	37	19
31	2	37	24
32	2	37	25
33	2	37	999
34	2	37	-8
35	2	37	-9
36	2	37	-8
37	2	37	-12
38	2	37	-11
39	2	37	-6
40	2	37	-2
41	2	37	-8
42	2	37	-14
43	2	37	-23
44	2	37	0
45	2	37	0
46	2	37	0
47	2	37	0
48	2	37	0
49	2	37	0
50	2	37	0
51	2	37	0
52	2	37	0
53	2	37	0
54	2	37	0
55	2	37	0
56	2	37	0
57	2	37	0
58	2	37	0
59	2	37	0
60	2	37	0
61	2	37	0
62	2	37	0
63	2	37	0
64	2	37	0
65	2	37	0
66	2	37	0
67	2	37	0
68	2	37	0
69	2	37	0
70	2	37	0
71	2	37	0
72	2	37	0
73	2	37	0
74	2	37	0
75	2	37	0
76	2	37	0
77	2	37	0
78	2	37	0
79	2	37	0
80	2	37	0
81	2	37	0
82	2	37	0
83	2	37	0
84	2	37	0
85	2	37	0
86	2	37	0
87	2	37	0
88	2	37	0
89	2	37	0
90	2	37	0
91	2	37	0
92	2	37	0
93	2	37	0
94	2	37	0
95	2	37	0
96	2	37	0
97	2	37	0
98	2	37	0
99	2	37	0
100	2	37	0
1	2	38	10
2	2	38	9
3	2	38	700
4	2	38	8
5	2	38	300
6	2	38	2
7	2	38	600
8	2	38	-2
9	2	38	300
10	2	38	4
11	2	38	3
12	2	38	-9
13	2	38	1400
14	2	38	1800
15	2	38	19
16	2	38	1400
17	2	38	1500
18	2	38	20
19	2	38	25
20	2	38	-25
21	2	38	-20
22	2	38	14
23	2	38	-10
24	2	38	5
25	2	38	-3
26	2	38	-4
27	2	38	-5
28	2	38	-9
29	2	38	-8
30	2	38	1200
31	2	38	1100
32	2	38	1600
33	2	38	2100
34	2	38	17
35	2	38	12
36	2	38	7
37	2	38	99
38	2	38	2400
39	2	38	-20
40	2	38	-25
41	2	38	2400
42	2	38	2300
43	2	38	2200
44	2	38	-12
45	2	38	18
46	2	38	24
47	2	38	23
48	2	38	22
49	2	38	2100
50	2	38	1600
51	2	38	-17
52	2	38	1600
53	2	38	2100
54	2	38	16
55	2	38	-17
56	2	38	-18
57	2	38	2100
58	2	38	-22
59	2	38	-24
60	2	38	2100
61	2	38	-22
62	2	38	21
63	2	38	600
64	2	38	-7
65	2	38	6
66	2	38	-2
67	2	38	-3
68	2	38	-4
69	2	38	-10
70	2	38	-9
71	2	38	-2
72	2	38	1
73	2	38	-6
74	2	38	1100
75	2	38	-16
76	2	38	-21
77	2	38	-22
78	2	38	-23
79	2	38	-24
80	2	38	-25
81	2	38	-7
82	2	38	-6
83	2	38	11
84	2	38	999
85	2	38	-3
86	2	38	-2
87	2	38	-7
88	2	38	-4
89	2	38	99
90	2	38	-21
91	2	38	-22
92	2	38	-17
93	2	38	-18
94	2	38	13
95	2	38	-12
96	2	38	-11
97	2	38	-7
98	2	38	-8
99	2	38	-9
100	2	38	-10
1	2	39	800
2	2	39	9
3	2	39	2200
4	2	39	23
5	2	39	99
6	2	39	700
7	2	39	8
8	2	39	7
9	2	39	600
10	2	39	-7
11	2	39	300
12	2	39	10
13	2	39	2000
14	2	39	19
15	2	39	17
16	2	39	1100
17	2	39	12
18	2	39	1600
19	2	39	-12
20	2	39	11
21	2	39	600
22	2	39	-7
23	2	39	-8
24	2	39	-9
25	2	39	1500
26	2	39	14
27	2	39	15
28	2	39	25
29	2	39	20
30	2	39	-15
31	2	39	-14
32	2	39	18
33	2	39	-9
34	2	39	-10
35	2	39	5
36	2	39	4
37	2	39	3
38	2	39	-23
39	2	39	24
40	2	39	2
41	2	39	1
42	2	39	-11
43	2	39	-12
44	2	39	1600
45	2	39	-17
46	2	39	-18
47	2	39	-24
48	2	39	-25
49	2	39	-20
50	2	39	-9
51	2	39	16
52	2	39	-17
53	2	39	21
54	2	39	2200
55	2	39	-18
56	2	39	-24
57	2	39	-14
58	2	39	-17
59	2	39	-21
60	2	39	22
61	2	39	6
62	2	39	-2
63	2	39	-1
64	2	39	-2
65	2	39	-3
66	2	39	-4
67	2	39	-5
68	2	39	-9
69	2	39	13
70	2	39	-11
71	2	39	-12
72	2	39	-16
73	2	39	-22
74	2	39	-15
75	2	39	-14
76	2	39	-18
77	2	39	-17
78	2	39	-2
79	2	39	-3
80	2	39	-4
81	2	39	-5
82	2	39	-8
83	2	39	-9
84	2	39	99
85	2	39	-1
86	2	39	-6
87	2	39	-2
88	2	39	-3
89	2	39	999
90	2	39	-9
91	2	39	-10
92	2	39	-5
93	2	39	-4
94	2	39	-21
95	2	39	0
96	2	39	0
97	2	39	0
98	2	39	0
99	2	39	0
100	2	39	0
1	2	40	8
2	2	40	3
3	2	40	4
4	2	40	10
5	2	40	15
6	2	40	2
7	2	40	1100
8	2	40	12
9	2	40	1100
10	2	40	600
11	2	40	700
12	2	40	9
13	2	40	500
14	2	40	-4
15	2	40	-3
16	2	40	-2
17	2	40	6
18	2	40	1
19	2	40	1600
20	2	40	1100
21	2	40	-12
22	2	40	1300
23	2	40	7
24	2	40	14
25	2	40	25
26	2	40	24
27	2	40	19
28	2	40	20
29	2	40	-19
30	2	40	23
31	2	40	18
32	2	40	-15
33	2	40	-14
34	2	40	-20
35	2	40	-19
36	2	40	-18
37	2	40	17
38	2	40	16
39	2	40	21
40	2	40	-12
41	2	40	13
42	2	40	11
43	2	40	-17
44	2	40	-21
45	2	40	2200
46	2	40	-23
47	2	40	-24
48	2	40	-25
49	2	40	-24
50	2	40	-23
51	2	40	22
52	2	40	-12
53	2	40	-11
54	2	40	-6
55	2	40	-7
56	2	40	-1
57	2	40	-2
58	2	40	-3
59	2	40	-4
60	2	40	-5
61	2	40	-10
62	2	40	-9
63	2	40	-8
64	2	40	-21
65	2	40	-22
66	2	40	-19
67	2	40	-20
68	2	40	-5
69	2	40	999
70	2	40	-19
71	2	40	-20
72	2	40	-15
73	2	40	-14
74	2	40	-13
75	2	40	-12
76	2	40	-16
77	2	40	-21
78	2	40	-22
79	2	40	-23
80	2	40	-4
81	2	40	-5
82	2	40	999
83	2	40	-4
84	2	40	-3
85	2	40	-4
86	2	40	-5
87	2	40	-10
88	2	40	-4
89	2	40	-3
90	2	40	-2
91	2	40	-3
92	2	40	-4
93	2	40	-8
94	2	40	-12
95	2	40	0
96	2	40	0
97	2	40	0
98	2	40	0
99	2	40	0
100	2	40	0
1	2	41	5
2	2	41	4
3	2	41	1
4	2	41	2
5	2	41	7
6	2	41	8
7	2	41	9
8	2	41	15
9	2	41	10
10	2	41	3
11	2	41	1100
12	2	41	12
13	2	41	6
14	2	41	16
15	2	41	11
16	2	41	13
17	2	41	17
18	2	41	23
19	2	41	22
20	2	41	21
21	2	41	18
22	2	41	20
23	2	41	14
24	2	41	25
25	2	41	999
26	2	41	24
27	2	41	19
28	2	41	0
29	2	41	0
30	2	41	0
31	2	41	0
32	2	41	0
33	2	41	0
34	2	41	0
35	2	41	0
36	2	41	0
37	2	41	0
38	2	41	0
39	2	41	0
40	2	41	0
41	2	41	0
42	2	41	0
43	2	41	0
44	2	41	0
45	2	41	0
46	2	41	0
47	2	41	0
48	2	41	0
49	2	41	0
50	2	41	0
51	2	41	0
52	2	41	0
53	2	41	0
54	2	41	0
55	2	41	0
56	2	41	0
57	2	41	0
58	2	41	0
59	2	41	0
60	2	41	0
61	2	41	0
62	2	41	0
63	2	41	0
64	2	41	0
65	2	41	0
66	2	41	0
67	2	41	0
68	2	41	0
69	2	41	0
70	2	41	0
71	2	41	0
72	2	41	0
73	2	41	0
74	2	41	0
75	2	41	0
76	2	41	0
77	2	41	0
78	2	41	0
79	2	41	0
80	2	41	0
81	2	41	0
82	2	41	0
83	2	41	0
84	2	41	0
85	2	41	0
86	2	41	0
87	2	41	0
88	2	41	0
89	2	41	0
90	2	41	0
91	2	41	0
92	2	41	0
93	2	41	0
94	2	41	0
95	2	41	0
96	2	41	0
97	2	41	0
98	2	41	0
99	2	41	0
100	2	41	0
1	2	42	5
2	2	42	10
3	2	42	9
4	2	42	7
5	2	42	2
6	2	42	4
7	2	42	3
8	2	42	-2
9	2	42	1
10	2	42	17
11	2	42	12
12	2	42	13
13	2	42	14
14	2	42	15
15	2	42	8
16	2	42	19
17	2	42	20
18	2	42	24
19	2	42	25
20	2	42	23
21	2	42	18
22	2	42	1600
23	2	42	11
24	2	42	16
25	2	42	2100
26	2	42	22
27	2	42	21
28	2	42	6
29	2	42	-3
30	2	42	0
31	2	42	0
32	2	42	0
33	2	42	0
34	2	42	0
35	2	42	0
36	2	42	0
37	2	42	0
38	2	42	0
39	2	42	0
40	2	42	0
41	2	42	0
42	2	42	0
43	2	42	0
44	2	42	0
45	2	42	0
46	2	42	0
47	2	42	0
48	2	42	0
49	2	42	0
50	2	42	0
51	2	42	0
52	2	42	0
53	2	42	0
54	2	42	0
55	2	42	0
56	2	42	0
57	2	42	0
58	2	42	0
59	2	42	0
60	2	42	0
61	2	42	0
62	2	42	0
63	2	42	0
64	2	42	0
65	2	42	0
66	2	42	0
67	2	42	0
68	2	42	0
69	2	42	0
70	2	42	0
71	2	42	0
72	2	42	0
73	2	42	0
74	2	42	0
75	2	42	0
76	2	42	0
77	2	42	0
78	2	42	0
79	2	42	0
80	2	42	0
81	2	42	0
82	2	42	0
83	2	42	0
84	2	42	0
85	2	42	0
86	2	42	0
87	2	42	0
88	2	42	0
89	2	42	0
90	2	42	0
91	2	42	0
92	2	42	0
93	2	42	0
94	2	42	0
95	2	42	0
96	2	42	0
97	2	42	0
98	2	42	0
99	2	42	0
100	2	42	0
1	2	43	9
2	2	43	5
3	2	43	10
4	2	43	1
5	2	43	2
6	2	43	3
7	2	43	-1
8	2	43	6
9	2	43	12
10	2	43	7
11	2	43	13
12	2	43	14
13	2	43	20
14	2	43	25
15	2	43	15
16	2	43	-9
17	2	43	-10
18	2	43	-15
19	2	43	-14
20	2	43	-13
21	2	43	1700
22	2	43	1600
23	2	43	17
24	2	43	16
25	2	43	99
26	2	43	11
27	2	43	-12
28	2	43	-13
29	2	43	-17
30	2	43	22
31	2	43	21
32	2	43	-11
33	2	43	-12
34	2	43	-17
35	2	43	18
36	2	43	23
37	2	43	2400
38	2	43	-25
39	2	43	24
40	2	43	-2
41	2	43	-3
42	2	43	4
43	2	43	-1
44	2	43	-2
45	2	43	-6
46	2	43	-16
47	2	43	-21
48	2	43	-22
49	2	43	-18
50	2	43	999
51	2	43	-4
52	2	43	-5
53	2	43	-3
54	2	43	-7
55	2	43	8
56	2	43	-6
57	2	43	-7
58	2	43	-11
59	2	43	-12
60	2	43	-13
61	2	43	-17
62	2	43	-23
63	2	43	-22
64	2	43	0
65	2	43	0
66	2	43	0
67	2	43	0
68	2	43	0
69	2	43	0
70	2	43	0
71	2	43	0
72	2	43	0
73	2	43	0
74	2	43	0
75	2	43	0
76	2	43	0
77	2	43	0
78	2	43	0
79	2	43	0
80	2	43	0
81	2	43	0
82	2	43	0
83	2	43	0
84	2	43	0
85	2	43	0
86	2	43	0
87	2	43	0
88	2	43	0
89	2	43	0
90	2	43	0
91	2	43	0
92	2	43	0
93	2	43	0
94	2	43	0
95	2	43	0
96	2	43	0
97	2	43	0
98	2	43	0
99	2	43	0
100	2	43	0
1	2	44	4
2	2	44	5
3	2	44	14
4	2	44	6
5	2	44	100
6	2	44	2
7	2	44	7
8	2	44	1
9	2	44	11
10	2	44	1600
11	2	44	12
12	2	44	17
13	2	44	1600
14	2	44	-11
15	2	44	-6
16	2	44	3
17	2	44	8
18	2	44	9
19	2	44	10
20	2	44	-5
21	2	44	-4
22	2	44	-3
23	2	44	-7
24	2	44	-12
25	2	44	1600
26	2	44	-17
27	2	44	18
28	2	44	13
29	2	44	-17
30	2	44	-18
31	2	44	19
32	2	44	20
33	2	44	2200
34	2	44	23
35	2	44	21
36	2	44	-11
37	2	44	-18
38	2	44	-17
39	2	44	-21
40	2	44	22
41	2	44	-14
42	2	44	-20
43	2	44	-19
44	2	44	-18
45	2	44	-17
46	2	44	16
47	2	44	-16
48	2	44	-21
49	2	44	-22
50	2	44	-23
51	2	44	2400
52	2	44	25
53	2	44	24
54	2	44	-23
55	2	44	-22
56	2	44	-21
57	2	44	-17
58	2	44	-18
59	2	44	-19
60	2	44	-20
61	2	44	-25
62	2	44	-24
63	2	44	-5
64	2	44	-10
65	2	44	-14
66	2	44	-8
67	2	44	-6
68	2	44	-11
69	2	44	0
70	2	44	0
71	2	44	0
72	2	44	0
73	2	44	0
74	2	44	0
75	2	44	0
76	2	44	0
77	2	44	0
78	2	44	0
79	2	44	0
80	2	44	0
81	2	44	0
82	2	44	0
83	2	44	0
84	2	44	0
85	2	44	0
86	2	44	0
87	2	44	0
88	2	44	0
89	2	44	0
90	2	44	0
91	2	44	0
92	2	44	0
93	2	44	0
94	2	44	0
95	2	44	0
96	2	44	0
97	2	44	0
98	2	44	0
99	2	44	0
100	2	44	0
